time,ch1,ch2,ch3,ch4,ch5,ch6,ch7,ch8
182.15891098976135,-400000.0625,-10708.1904296875,-5606.1298828125,-400000.0625,-6369.8798828125,-400000.0625,-7184.22021484375,-400000.0625
182.17483353614807,-400000.0625,-10741.08984375,-5639.7001953125,-400000.0625,-6406.68994140625,-400000.0625,-7213.39990234375,-400000.0625
182.19428277015686,-400000.0625,-10744.4296875,-5641.89013671875,-400000.0625,-6406.2099609375,-400000.0625,-7214.1201171875,-400000.0625
182.20391249656677,-400000.0625,-10714.7197265625,-5608.89013671875,-400000.0625,-6371.259765625,-400000.0625,-7183.5498046875,-400000.0625
182.21391987800598,-400000.0625,-10691.6396484375,-5585.6201171875,-400000.0625,-6349.47021484375,-400000.0625,-7162.08984375,-400000.0625
182.23130106925964,-400000.0625,-10708.51953125,-5601.93017578125,-400000.0625,-6370.58984375,-400000.0625,-7182.27001953125,-400000.0625
182.25930953025818,-400000.0625,-10738.23046875,-5633.93017578125,-400000.0625,-6401.830078125,-400000.0625,-7211.16015625,-400000.0625
182.26904582977295,-400000.0625,-10744.5302734375,-5642.3701171875,-400000.0625,-6407.1201171875,-400000.0625,-7216.41015625,-400000.0625
182.2786865234375,-400000.0625,-10712.33984375,-5609.47021484375,-400000.0625,-6373.35986328125,-400000.0625,-7186.22021484375,-400000.0625
182.29127264022827,-400000.0625,-10690.8798828125,-5584.6201171875,-400000.0625,-6347.3701171875,-400000.0625,-7164.6201171875,-400000.0625
182.30033588409424,-400000.0625,-10711.2900390625,-5605.83984375,-400000.0625,-6366.58984375,-400000.0625,-7182.89013671875,-400000.0625
182.3086748123169,-400000.0625,-10737.1796875,-5637.1201171875,-400000.0625,-6402.830078125,-400000.0625,-7209.64013671875,-400000.0625
182.31970858573914,-400000.0625,-10737.7998046875,-5638.93017578125,-400000.0625,-6407.31005859375,-400000.0625,-7211.39990234375,-400000.0625
182.34211087226868,-400000.0625,-10709.3798828125,-5605.56005859375,-400000.0625,-6372.4501953125,-400000.0625,-7184.4599609375,-400000.0625
182.37201976776123,-400000.0625,-10692.3603515625,-5585.10009765625,-400000.0625,-6350.08984375,-400000.0625,-7163.240234375,-400000.0625
182.38051176071167,-400000.0625,-10707.7099609375,-5602.169921875,-400000.0625,-6365.81982421875,-400000.0625,-7180.259765625,-400000.0625
182.39168000221252,-400000.0625,-10739.1796875,-5634.06982421875,-400000.0625,-6395.580078125,-400000.0625,-7206.97021484375,-400000.0625
182.40106344223022,-400000.0625,-10743.330078125,-5641.31982421875,-400000.0625,-6396.14990234375,-400000.0625,-7209.2998046875,-400000.0625
182.40902304649353,-400000.0625,-10712.8603515625,-5608.93994140625,-400000.0625,-6365.58984375,-400000.0625,-7181.35986328125,-400000.0625
182.42443561553955,-400000.0625,-10691.1201171875,-5586.580078125,-400000.0625,-6348.75,-400000.0625,-7157.9501953125,-400000.0625
182.43743228912354,-400000.0625,-10710.33984375,-5603.5498046875,-400000.0625,-6368.06982421875,-400000.0625,-7178.1201171875,-400000.0625
182.4467408657074,-400000.0625,-10741.759765625,-5637.83984375,-400000.0625,-6402.2099609375,-400000.0625,-7209.39990234375,-400000.0625
182.4744644165039,-400000.0625,-10742.0498046875,-5641.31982421875,-400000.0625,-6408.64013671875,-400000.0625,-7211.830078125,-400000.0625
182.48405718803406,-400000.0625,-10714.009765625,-5604.7900390625,-400000.0625,-6372.740234375,-400000.0625,-7180.31005859375,-400000.0625
182.49608898162842,-400000.0625,-10689.01953125,-5578.7099609375,-400000.0625,-6342.93994140625,-400000.0625,-7160.47021484375,-400000.0625
182.50401544570923,-400000.0625,-10706.1396484375,-5600.7900390625,-400000.0625,-6362.77001953125,-400000.0625,-7178.35986328125,-400000.0625
182.51232266426086,-400000.0625,-10738.9501953125,-5639.27001953125,-400000.0625,-6397.919921875,-400000.0625,-7208.72998046875,-400000.0625
182.5245475769043,-400000.0625,-10740.4697265625,-5640.35986328125,-400000.0625,-6400.2998046875,-400000.0625,-7212.68994140625,-400000.0625
182.53330850601196,-400000.0625,-10715.3896484375,-5610.31982421875,-400000.0625,-6371.830078125,-400000.0625,-7183.5,-400000.0625
182.5410783290863,-400000.0625,-10694.4599609375,-5586.33984375,-400000.0625,-6345.7998046875,-400000.0625,-7161.85986328125,-400000.0625
182.55084705352783,-400000.0625,-10709.8603515625,-5604.97998046875,-400000.0625,-6360.9599609375,-400000.0625,-7178.1201171875,-400000.0625
182.57785415649414,-400000.0625,-10739.1796875,-5638.7900390625,-400000.0625,-6397.580078125,-400000.0625,-7205.2001953125,-400000.0625
182.58917331695557,-400000.0625,-10739.4697265625,-5639.7001953125,-400000.0625,-6401.16015625,-400000.0625,-7206.2998046875,-400000.0625
182.5990707874298,-400000.0625,-10709.9501953125,-5605.56005859375,-400000.0625,-6368.5400390625,-400000.0625,-7179.4501953125,-400000.0625
182.607102394104,-400000.0625,-10684.830078125,-5580.7099609375,-400000.0625,-6343.7900390625,-400000.0625,-7161.9501953125,-400000.0625
182.61722946166992,-400000.0625,-10703.990234375,-5600.830078125,-400000.0625,-6361.91015625,-400000.0625,-7180.2099609375,-400000.0625
182.62815308570862,-400000.0625,-10737.330078125,-5633.5498046875,-400000.0625,-6393.43017578125,-400000.0625,-7206.490234375,-400000.0625
182.63626742362976,-400000.0625,-10739.2802734375,-5636.68994140625,-400000.0625,-6402.2998046875,-400000.0625,-7209.490234375,-400000.0625
182.64380860328674,-400000.0625,-10707.669921875,-5604.83984375,-400000.0625,-6374.169921875,-400000.0625,-7179.06982421875,-400000.0625
182.6578187942505,-400000.0625,-10684.830078125,-5580.27978515625,-400000.0625,-6348.7998046875,-400000.0625,-7157.08984375,-400000.0625
182.69246625900269,-400000.0625,-10703.990234375,-5600.02001953125,-400000.0625,-6366.06005859375,-400000.0625,-7173.009765625,-400000.0625
182.7043981552124,-400000.0625,-10736.900390625,-5630.35009765625,-400000.0625,-6393.0,-400000.0625,-7202.81982421875,-400000.0625
182.71456217765808,-400000.0625,-10739.6103515625,-5634.68994140625,-400000.0625,-6398.009765625,-400000.0625,-7207.81982421875,-400000.0625
182.73427891731262,-400000.0625,-10707.08984375,-5602.27001953125,-400000.0625,-6368.35009765625,-400000.0625,-7180.31005859375,-400000.0625
182.74395060539246,-400000.0625,-10683.25,-5578.14013671875,-400000.0625,-6340.5498046875,-400000.0625,-7160.08984375,-400000.0625
182.76610803604126,-400000.0625,-10706.8603515625,-5602.93017578125,-400000.0625,-6362.9599609375,-400000.0625,-7177.93017578125,-400000.0625
182.80293655395508,-400000.0625,-10740.759765625,-5635.1201171875,-400000.0625,-6397.009765625,-400000.0625,-7206.39013671875,-400000.0625
182.8144383430481,-400000.0625,-10742.9501953125,-5634.830078125,-400000.0625,-6399.16015625,-400000.0625,-7211.10986328125,-400000.0625
182.83343887329102,-400000.0625,-10709.6201171875,-5601.35986328125,-400000.0625,-6365.5400390625,-400000.0625,-7183.97998046875,-400000.0625
182.842187166214,-400000.0625,-10686.919921875,-5577.27978515625,-400000.0625,-6344.64990234375,-400000.0625,-7161.43017578125,-400000.0625
182.8559591770172,-400000.0625,-10701.4697265625,-5596.35009765625,-400000.0625,-6363.919921875,-400000.0625,-7176.39990234375,-400000.0625
182.8686375617981,-400000.0625,-10734.1796875,-5630.2099609375,-400000.0625,-6393.85986328125,-400000.0625,-7208.2099609375,-400000.0625
182.90249848365784,-400000.0625,-10739.5703125,-5636.259765625,-400000.0625,-6398.919921875,-400000.0625,-7210.8798828125,-400000.0625
182.9113748073578,-400000.0625,-10711.76953125,-5604.35986328125,-400000.0625,-6367.259765625,-400000.0625,-7181.83984375,-400000.0625
182.92323923110962,-400000.0625,-10689.8798828125,-5579.08984375,-400000.0625,-6340.080078125,-400000.0625,-7160.330078125,-400000.0625
182.93411874771118,-400000.0625,-10705.849609375,-5598.06982421875,-400000.0625,-6354.759765625,-400000.0625,-7178.39990234375,-400000.0625
182.94299721717834,-400000.0625,-10742.3798828125,-5635.35986328125,-400000.0625,-6394.33984375,-400000.0625,-7206.68017578125,-400000.0625
182.9555060863495,-400000.0625,-10741.9501953125,-5637.1201171875,-400000.0625,-6400.06005859375,-400000.0625,-7211.8798828125,-400000.0625
182.96775770187378,-400000.0625,-10712.0498046875,-5602.93017578125,-400000.0625,-6368.35009765625,-400000.0625,-7178.830078125,-400000.0625
182.9762454032898,-400000.0625,-10689.01953125,-5580.52001953125,-400000.0625,-6344.4599609375,-400000.0625,-7153.7001953125,-400000.0625
183.0092694759369,-400000.0625,-10706.0,-5596.919921875,-400000.0625,-6362.77001953125,-400000.0625,-7171.97021484375,-400000.0625
183.026020526886,-400000.0625,-10737.66015625,-5632.77978515625,-400000.0625,-6393.6201171875,-400000.0625,-7203.6298828125,-400000.0625
183.0366508960724,-400000.0625,-10742.9501953125,-5635.06982421875,-400000.0625,-6396.33984375,-400000.0625,-7207.97021484375,-400000.0625
183.04931807518005,-400000.0625,-10712.240234375,-5603.31005859375,-400000.0625,-6365.35009765625,-400000.0625,-7177.16015625,-400000.0625
183.0644268989563,-400000.0625,-10690.169921875,-5581.08984375,-400000.0625,-6342.080078125,-400000.0625,-7156.66015625,-400000.0625
183.07411527633667,-400000.0625,-10710.4296875,-5598.68994140625,-400000.0625,-6361.06005859375,-400000.0625,-7176.919921875,-400000.0625
183.08968567848206,-400000.0625,-10748.6298828125,-5635.31005859375,-400000.0625,-6399.2001953125,-400000.0625,-7210.97021484375,-400000.0625
183.12249755859375,-400000.0625,-10748.669921875,-5634.35986328125,-400000.0625,-6399.919921875,-400000.0625,-7210.58984375,-400000.0625
183.13465332984924,-400000.0625,-10707.4296875,-5599.7900390625,-400000.0625,-6358.6201171875,-400000.0625,-7173.8701171875,-400000.0625
183.14312958717346,-400000.0625,-10685.490234375,-5579.7099609375,-400000.0625,-6339.1201171875,-400000.0625,-7154.27001953125,-400000.0625
183.1532666683197,-400000.0625,-10705.23046875,-5598.77978515625,-400000.0625,-6361.6298828125,-400000.0625,-7173.16015625,-400000.0625
183.1632902622223,-400000.0625,-10731.3203125,-5627.97021484375,-400000.0625,-6390.85986328125,-400000.0625,-7202.2001953125,-400000.0625
183.17210388183594,-400000.0625,-10735.7001953125,-5631.39990234375,-400000.0625,-6395.009765625,-400000.0625,-7211.5,-400000.0625
183.18343544006348,-400000.0625,-10708.759765625,-5602.06982421875,-400000.0625,-6368.259765625,-400000.0625,-7179.830078125,-400000.0625
183.19743061065674,-400000.0625,-10686.58984375,-5576.08984375,-400000.0625,-6342.83984375,-400000.0625,-7161.85986328125,-400000.0625
183.22633576393127,-400000.0625,-10706.5703125,-5595.97021484375,-400000.0625,-6358.9599609375,-400000.0625,-7183.02978515625,-400000.0625
183.23706936836243,-400000.0625,-10734.26953125,-5631.39990234375,-400000.0625,-6389.7099609375,-400000.0625,-7210.10986328125,-400000.0625
183.2476212978363,-400000.0625,-10738.23046875,-5635.2099609375,-400000.0625,-6399.10986328125,-400000.0625,-7214.4501953125,-400000.0625
183.25940012931824,-400000.0625,-10707.2802734375,-5600.41015625,-400000.0625,-6375.740234375,-400000.0625,-7186.080078125,-400000.0625
183.26806807518005,-400000.0625,-10686.2998046875,-5577.7998046875,-400000.0625,-6347.990234375,-400000.0625,-7163.14013671875,-400000.0625
183.27581572532654,-400000.0625,-10701.1298828125,-5596.10986328125,-400000.0625,-6360.669921875,-400000.0625,-7180.35986328125,-400000.0625
183.29330229759216,-400000.0625,-10728.4599609375,-5626.919921875,-400000.0625,-6392.81005859375,-400000.0625,-7211.06982421875,-400000.0625
183.30329585075378,-400000.0625,-10735.6103515625,-5634.35986328125,-400000.0625,-6395.81982421875,-400000.0625,-7213.06982421875,-400000.0625
183.3428931236267,-400000.0625,-10701.4697265625,-5597.06982421875,-400000.0625,-6359.47998046875,-400000.0625,-7181.35986328125,-400000.0625
183.35444831848145,-400000.0625,-10681.25,-5576.47021484375,-400000.0625,-6336.5498046875,-400000.0625,-7160.0,-400000.0625
183.3654065132141,-400000.0625,-10703.66015625,-5596.72998046875,-400000.0625,-6360.39013671875,-400000.0625,-7179.64013671875,-400000.0625
183.3742446899414,-400000.0625,-10733.7001953125,-5633.4501953125,-400000.0625,-6392.77001953125,-400000.0625,-7210.490234375,-400000.0625
183.38684463500977,-400000.0625,-10734.0302734375,-5638.02978515625,-400000.0625,-6395.14990234375,-400000.0625,-7212.02001953125,-400000.0625
183.397723197937,-400000.0625,-10701.900390625,-5600.02001953125,-400000.0625,-6363.580078125,-400000.0625,-7184.169921875,-400000.0625
183.40676283836365,-400000.0625,-10682.2001953125,-5579.419921875,-400000.0625,-6344.080078125,-400000.0625,-7162.669921875,-400000.0625
183.43801069259644,-400000.0625,-10699.650390625,-5596.259765625,-400000.0625,-6361.81982421875,-400000.0625,-7178.64013671875,-400000.0625
183.44726848602295,-400000.0625,-10729.1201171875,-5627.009765625,-400000.0625,-6392.0498046875,-400000.0625,-7207.25,-400000.0625
183.46453070640564,-400000.0625,-10729.83984375,-5631.58984375,-400000.0625,-6396.9599609375,-400000.0625,-7211.97021484375,-400000.0625
183.47356057167053,-400000.0625,-10696.7900390625,-5596.58984375,-400000.0625,-6363.81982421875,-400000.0625,-7184.31982421875,-400000.0625
183.48318076133728,-400000.0625,-10681.1103515625,-5575.419921875,-400000.0625,-6338.02001953125,-400000.0625,-7160.7099609375,-400000.0625
183.49712252616882,-400000.0625,-10699.849609375,-5594.25,-400000.0625,-6356.91015625,-400000.0625,-7177.93017578125,-400000.0625
183.50603437423706,-400000.0625,-10728.3095703125,-5625.52978515625,-400000.0625,-6386.330078125,-400000.0625,-7206.97021484375,-400000.0625
183.51515460014343,-400000.0625,-10731.650390625,-5628.2998046875,-400000.0625,-6393.0,-400000.0625,-7205.2998046875,-400000.0625
183.5417182445526,-400000.0625,-10699.080078125,-5596.35009765625,-400000.0625,-6365.10986328125,-400000.0625,-7178.8798828125,-400000.0625
183.55205965042114,-400000.0625,-10677.5302734375,-5571.7001953125,-400000.0625,-6344.41015625,-400000.0625,-7160.27978515625,-400000.0625
183.56288290023804,-400000.0625,-10698.6103515625,-5593.68017578125,-400000.0625,-6364.06005859375,-400000.0625,-7178.58984375,-400000.0625
183.57139372825623,-400000.0625,-10728.0703125,-5626.8701171875,-400000.0625,-6396.580078125,-400000.0625,-7205.06005859375,-400000.0625
183.5795488357544,-400000.0625,-10732.599609375,-5626.97021484375,-400000.0625,-6394.81982421875,-400000.0625,-7206.6298828125,-400000.0625
183.59041810035706,-400000.0625,-10696.98046875,-5593.2099609375,-400000.0625,-6361.33984375,-400000.0625,-7179.2099609375,-400000.0625
183.5994188785553,-400000.0625,-10675.48046875,-5572.509765625,-400000.0625,-6340.4599609375,-400000.0625,-7157.85009765625,-400000.0625
183.60710835456848,-400000.0625,-10697.4599609375,-5593.6298828125,-400000.0625,-6360.39013671875,-400000.0625,-7174.5400390625,-400000.0625
183.61975383758545,-400000.0625,-10730.0302734375,-5628.77978515625,-400000.0625,-6397.2998046875,-400000.0625,-7205.43994140625,-400000.0625
183.64718461036682,-400000.0625,-10731.75,-5631.4501953125,-400000.0625,-6401.06005859375,-400000.0625,-7207.10986328125,-400000.0625
183.65847754478455,-400000.0625,-10704.6103515625,-5597.31005859375,-400000.0625,-6363.10986328125,-400000.0625,-7178.35986328125,-400000.0625
183.66783809661865,-400000.0625,-10681.2001953125,-5572.64990234375,-400000.0625,-6338.97998046875,-400000.0625,-7158.08984375,-400000.0625
183.67598795890808,-400000.0625,-10698.75,-5593.2099609375,-400000.0625,-6359.43017578125,-400000.0625,-7175.06005859375,-400000.0625
183.68621826171875,-400000.0625,-10731.080078125,-5626.5400390625,-400000.0625,-6392.52978515625,-400000.0625,-7204.81982421875,-400000.0625
183.6990294456482,-400000.0625,-10732.3203125,-5627.35009765625,-400000.0625,-6397.43994140625,-400000.0625,-7206.5400390625,-400000.0625
183.70682454109192,-400000.0625,-10701.509765625,-5595.5400390625,-400000.0625,-6361.06005859375,-400000.0625,-7176.5,-400000.0625
183.71637892723083,-400000.0625,-10677.9599609375,-5572.1298828125,-400000.0625,-6339.4599609375,-400000.0625,-7156.47021484375,-400000.0625
183.72769355773926,-400000.0625,-10696.26953125,-5592.009765625,-400000.0625,-6365.16015625,-400000.0625,-7174.830078125,-400000.0625
183.75893187522888,-400000.0625,-10727.41015625,-5626.6298828125,-400000.0625,-6396.06005859375,-400000.0625,-7205.919921875,-400000.0625
183.76746249198914,-400000.0625,-10732.1796875,-5626.8701171875,-400000.0625,-6391.33984375,-400000.0625,-7207.10986328125,-400000.0625
183.77511763572693,-400000.0625,-10701.2802734375,-5593.97021484375,-400000.0625,-6361.52978515625,-400000.0625,-7178.58984375,-400000.0625
183.78461122512817,-400000.0625,-10679.580078125,-5570.7001953125,-400000.0625,-6341.7900390625,-400000.0625,-7158.9501953125,-400000.0625
183.7959725856781,-400000.0625,-10697.599609375,-5590.43994140625,-400000.0625,-6357.0498046875,-400000.0625,-7174.2099609375,-400000.0625
183.80586957931519,-400000.0625,-10728.0302734375,-5622.81982421875,-400000.0625,-6388.52001953125,-400000.0625,-7205.43994140625,-400000.0625
183.8157639503479,-400000.0625,-10730.3603515625,-5628.009765625,-400000.0625,-6390.669921875,-400000.0625,-7211.02001953125,-400000.0625
183.82847428321838,-400000.0625,-10698.83984375,-5593.43994140625,-400000.0625,-6361.14990234375,-400000.0625,-7180.5,-400000.0625
183.86142945289612,-400000.0625,-10679.25,-5571.31982421875,-400000.0625,-6341.1201171875,-400000.0625,-7160.330078125,-400000.0625
183.87117886543274,-400000.0625,-10697.26953125,-5591.919921875,-400000.0625,-6362.39013671875,-400000.0625,-7175.68017578125,-400000.0625
183.88181281089783,-400000.0625,-10722.830078125,-5621.91015625,-400000.0625,-6390.3798828125,-400000.0625,-7203.39013671875,-400000.0625
183.89704084396362,-400000.0625,-10728.6904296875,-5624.580078125,-400000.0625,-6391.85986328125,-400000.0625,-7204.68017578125,-400000.0625
183.9070427417755,-400000.0625,-10701.3701171875,-5590.39013671875,-400000.0625,-6358.669921875,-400000.0625,-7174.5400390625,-400000.0625
183.92180705070496,-400000.0625,-10677.669921875,-5567.1201171875,-400000.0625,-6336.97998046875,-400000.0625,-7153.7998046875,-400000.0625
183.9336702823639,-400000.0625,-10704.7998046875,-5592.43994140625,-400000.0625,-6358.91015625,-400000.0625,-7173.77978515625,-400000.0625
183.96449851989746,-400000.0625,-10737.849609375,-5625.919921875,-400000.0625,-6392.52978515625,-400000.0625,-7207.919921875,-400000.0625
183.97403931617737,-400000.0625,-10732.509765625,-5628.2998046875,-400000.0625,-6393.52978515625,-400000.0625,-7206.43994140625,-400000.0625
183.9904043674469,-400000.0625,-10693.6904296875,-5596.830078125,-400000.0625,-6358.14990234375,-400000.0625,-7169.72021484375,-400000.0625
183.99948859214783,-400000.0625,-10674.4296875,-5574.419921875,-400000.0625,-6334.77978515625,-400000.0625,-7151.7998046875,-400000.0625
184.007794380188,-400000.0625,-10703.5595703125,-5596.97021484375,-400000.0625,-6356.33984375,-400000.0625,-7170.77001953125,-400000.0625
184.0215334892273,-400000.0625,-10734.9404296875,-5629.830078125,-400000.0625,-6392.72021484375,-400000.0625,-7200.240234375,-400000.0625
184.03135442733765,-400000.0625,-10732.3701171875,-5632.5,-400000.0625,-6392.14990234375,-400000.0625,-7202.0498046875,-400000.0625
184.03960704803467,-400000.0625,-10703.900390625,-5599.31005859375,-400000.0625,-6355.56982421875,-400000.0625,-7170.490234375,-400000.0625
184.06604552268982,-400000.0625,-10680.150390625,-5573.7998046875,-400000.0625,-6333.64013671875,-400000.0625,-7151.18017578125,-400000.0625
184.07436084747314,-400000.0625,-10696.3603515625,-5594.16015625,-400000.0625,-6354.81005859375,-400000.0625,-7174.68017578125,-400000.0625
184.08700966835022,-400000.0625,-10733.26953125,-5628.10986328125,-400000.0625,-6393.0,-400000.0625,-7202.6298828125,-400000.0625
184.09938287734985,-400000.0625,-10732.9404296875,-5627.72998046875,-400000.0625,-6394.10009765625,-400000.0625,-7203.25,-400000.0625
184.10698246955872,-400000.0625,-10700.0400390625,-5596.10986328125,-400000.0625,-6359.81982421875,-400000.0625,-7177.39990234375,-400000.0625
184.11708855628967,-400000.0625,-10679.9599609375,-5575.7099609375,-400000.0625,-6340.1201171875,-400000.0625,-7153.1298828125,-400000.0625
184.13276028633118,-400000.0625,-10698.6103515625,-5596.919921875,-400000.0625,-6357.14990234375,-400000.0625,-7172.81982421875,-400000.0625
184.14158868789673,-400000.0625,-10725.7900390625,-5628.43994140625,-400000.0625,-6383.31982421875,-400000.0625,-7204.39013671875,-400000.0625
184.1689691543579,-400000.0625,-10734.75,-5629.919921875,-400000.0625,-6392.580078125,-400000.0625,-7208.39990234375,-400000.0625
184.17672657966614,-400000.0625,-10706.6201171875,-5597.4501953125,-400000.0625,-6364.5400390625,-400000.0625,-7179.2099609375,-400000.0625
184.18773102760315,-400000.0625,-10684.919921875,-5577.330078125,-400000.0625,-6344.64990234375,-400000.0625,-7162.85986328125,-400000.0625
184.19672679901123,-400000.0625,-10709.91015625,-5603.7001953125,-400000.0625,-6365.009765625,-400000.0625,-7181.22021484375,-400000.0625
184.20469522476196,-400000.0625,-10740.849609375,-5632.02001953125,-400000.0625,-6392.9599609375,-400000.0625,-7210.4501953125,-400000.0625
184.21630120277405,-400000.0625,-10742.2802734375,-5631.06982421875,-400000.0625,-6392.669921875,-400000.0625,-7211.830078125,-400000.0625
184.22962045669556,-400000.0625,-10707.8095703125,-5599.39990234375,-400000.0625,-6360.8701171875,-400000.0625,-7181.31005859375,-400000.0625
184.23747968673706,-400000.0625,-10683.73046875,-5574.0400390625,-400000.0625,-6338.35986328125,-400000.0625,-7160.27978515625,-400000.0625
184.2445957660675,-400000.0625,-10704.6103515625,-5597.830078125,-400000.0625,-6361.68017578125,-400000.0625,-7176.72998046875,-400000.0625
184.27227401733398,-400000.0625,-10735.8896484375,-5631.02001953125,-400000.0625,-6392.0498046875,-400000.0625,-7205.43994140625,-400000.0625
184.28444647789001,-400000.0625,-10733.990234375,-5632.2099609375,-400000.0625,-6389.43017578125,-400000.0625,-7208.16015625,-400000.0625
184.29577159881592,-400000.0625,-10705.759765625,-5597.8798828125,-400000.0625,-6356.81005859375,-400000.0625,-7177.64013671875,-400000.0625
184.30464243888855,-400000.0625,-10686.6796875,-5574.509765625,-400000.0625,-6337.259765625,-400000.0625,-7159.56982421875,-400000.0625
184.31323552131653,-400000.0625,-10704.7099609375,-5596.2998046875,-400000.0625,-6361.580078125,-400000.0625,-7179.4501953125,-400000.0625
184.3285834789276,-400000.0625,-10739.66015625,-5634.31005859375,-400000.0625,-6394.91015625,-400000.0625,-7209.97021484375,-400000.0625
184.33781242370605,-400000.0625,-10741.8095703125,-5634.02001953125,-400000.0625,-6393.9599609375,-400000.0625,-7210.4501953125,-400000.0625
184.3470413684845,-400000.0625,-10711.240234375,-5599.97998046875,-400000.0625,-6358.77001953125,-400000.0625,-7182.89013671875,-400000.0625
184.37322616577148,-400000.0625,-10691.5498046875,-5579.52001953125,-400000.0625,-6343.3701171875,-400000.0625,-7161.669921875,-400000.0625
184.38412737846375,-400000.0625,-10706.240234375,-5597.97021484375,-400000.0625,-6361.580078125,-400000.0625,-7181.83984375,-400000.0625
184.3972225189209,-400000.0625,-10737.75,-5628.6298828125,-400000.0625,-6393.669921875,-400000.0625,-7208.6298828125,-400000.0625
184.40592312812805,-400000.0625,-10740.0400390625,-5630.16015625,-400000.0625,-6395.81982421875,-400000.0625,-7206.5400390625,-400000.0625
184.41526913642883,-400000.0625,-10702.75,-5593.77978515625,-400000.0625,-6361.2900390625,-400000.0625,-7174.8701171875,-400000.0625
184.4266164302826,-400000.0625,-10682.73046875,-5570.64990234375,-400000.0625,-6333.919921875,-400000.0625,-7152.02978515625,-400000.0625
184.4350142478943,-400000.0625,-10705.23046875,-5592.77978515625,-400000.0625,-6354.759765625,-400000.0625,-7169.72021484375,-400000.0625
184.44248962402344,-400000.0625,-10736.4697265625,-5625.8701171875,-400000.0625,-6391.33984375,-400000.0625,-7201.0498046875,-400000.0625
184.45556616783142,-400000.0625,-10737.849609375,-5628.35009765625,-400000.0625,-6391.56982421875,-400000.0625,-7206.77001953125,-400000.0625
184.48144030570984,-400000.0625,-10706.240234375,-5596.16015625,-400000.0625,-6359.77001953125,-400000.0625,-7172.8701171875,-400000.0625
184.49051189422607,-400000.0625,-10686.349609375,-5574.60986328125,-400000.0625,-6339.02978515625,-400000.0625,-7153.080078125,-400000.0625
184.4992959499359,-400000.0625,-10704.0400390625,-5591.919921875,-400000.0625,-6357.52978515625,-400000.0625,-7175.97021484375,-400000.0625
184.50678277015686,-400000.0625,-10732.4599609375,-5626.009765625,-400000.0625,-6388.14013671875,-400000.0625,-7199.72021484375,-400000.0625
184.5159146785736,-400000.0625,-10731.0302734375,-5627.25,-400000.0625,-6386.22998046875,-400000.0625,-7196.43017578125,-400000.0625
184.52546501159668,-400000.0625,-10703.6103515625,-5591.009765625,-400000.0625,-6352.18994140625,-400000.0625,-7171.77001953125,-400000.0625
184.53422379493713,-400000.0625,-10684.400390625,-5570.27001953125,-400000.0625,-6334.58984375,-400000.0625,-7153.080078125,-400000.0625
184.5419898033142,-400000.0625,-10706.9501953125,-5596.06982421875,-400000.0625,-6358.580078125,-400000.0625,-7174.58984375,-400000.0625
184.555739402771,-400000.0625,-10735.9404296875,-5626.35009765625,-400000.0625,-6391.56982421875,-400000.0625,-7203.14990234375,-400000.0625
184.5783143043518,-400000.0625,-10734.8896484375,-5625.2998046875,-400000.0625,-6395.2900390625,-400000.0625,-7203.2900390625,-400000.0625
184.58780980110168,-400000.0625,-10706.330078125,-5593.8701171875,-400000.0625,-6357.85986328125,-400000.0625,-7176.919921875,-400000.0625
184.5961573123932,-400000.0625,-10682.8701171875,-5568.60009765625,-400000.0625,-6334.02001953125,-400000.0625,-7155.0400390625,-400000.0625
184.60396909713745,-400000.0625,-10696.7001953125,-5588.2001953125,-400000.0625,-6358.0,-400000.0625,-7172.5400390625,-400000.0625
184.6109549999237,-400000.0625,-10725.830078125,-5619.10009765625,-400000.0625,-6386.89990234375,-400000.0625,-7201.72021484375,-400000.0625
184.62073707580566,-400000.0625,-10732.3203125,-5622.669921875,-400000.0625,-6385.52001953125,-400000.0625,-7204.33984375,-400000.0625
184.63087058067322,-400000.0625,-10703.1796875,-5588.9599609375,-400000.0625,-6354.759765625,-400000.0625,-7174.72998046875,-400000.0625
184.6398947238922,-400000.0625,-10680.6298828125,-5567.35986328125,-400000.0625,-6333.68994140625,-400000.0625,-7156.0400390625,-400000.0625
184.64809274673462,-400000.0625,-10701.4697265625,-5589.2001953125,-400000.0625,-6355.72021484375,-400000.0625,-7175.5400390625,-400000.0625
184.66083598136902,-400000.0625,-10736.7099609375,-5625.52978515625,-400000.0625,-6390.0498046875,-400000.0625,-7204.39013671875,-400000.0625
184.68568968772888,-400000.0625,-10736.08984375,-5626.39013671875,-400000.0625,-6392.33984375,-400000.0625,-7205.2998046875,-400000.0625
184.69844365119934,-400000.0625,-10706.66015625,-5593.25,-400000.0625,-6359.77001953125,-400000.0625,-7176.58984375,-400000.0625
184.70629596710205,-400000.0625,-10685.1103515625,-5570.93994140625,-400000.0625,-6336.02001953125,-400000.0625,-7156.330078125,-400000.0625
184.71565437316895,-400000.0625,-10704.759765625,-5593.009765625,-400000.0625,-6356.91015625,-400000.0625,-7174.5400390625,-400000.0625
184.72712898254395,-400000.0625,-10731.599609375,-5624.14990234375,-400000.0625,-6388.6201171875,-400000.0625,-7204.33984375,-400000.0625
184.73548698425293,-400000.0625,-10734.419921875,-5624.10009765625,-400000.0625,-6389.56982421875,-400000.0625,-7205.14990234375,-400000.0625
184.74270582199097,-400000.0625,-10701.3701171875,-5587.91015625,-400000.0625,-6354.7099609375,-400000.0625,-7174.2998046875,-400000.0625
184.75319004058838,-400000.0625,-10677.7197265625,-5562.16015625,-400000.0625,-6332.10986328125,-400000.0625,-7154.75,-400000.0625
184.76314640045166,-400000.0625,-10698.5595703125,-5581.85986328125,-400000.0625,-6360.009765625,-400000.0625,-7173.58984375,-400000.0625
184.7935540676117,-400000.0625,-10733.3203125,-5619.85986328125,-400000.0625,-6392.669921875,-400000.0625,-7201.14990234375,-400000.0625
184.8015477657318,-400000.0625,-10738.1796875,-5621.6201171875,-400000.0625,-6395.72021484375,-400000.0625,-7202.580078125,-400000.0625
184.8086166381836,-400000.0625,-10703.990234375,-5586.72021484375,-400000.0625,-6364.009765625,-400000.0625,-7174.68017578125,-400000.0625
184.81796526908875,-400000.0625,-10686.6796875,-5568.22021484375,-400000.0625,-6340.169921875,-400000.0625,-7155.56005859375,-400000.0625
184.82867646217346,-400000.0625,-10711.33984375,-5591.2001953125,-400000.0625,-6357.81005859375,-400000.0625,-7175.5400390625,-400000.0625
184.83676075935364,-400000.0625,-10736.66015625,-5622.85986328125,-400000.0625,-6384.22998046875,-400000.0625,-7201.9599609375,-400000.0625
184.84481358528137,-400000.0625,-10738.7998046875,-5624.72021484375,-400000.0625,-6387.08984375,-400000.0625,-7201.669921875,-400000.0625
184.85931730270386,-400000.0625,-10708.48046875,-5592.43994140625,-400000.0625,-6359.2001953125,-400000.0625,-7168.6298828125,-400000.0625
184.86868715286255,-400000.0625,-10684.919921875,-5564.830078125,-400000.0625,-6336.97998046875,-400000.0625,-7152.3701171875,-400000.0625
184.9051856994629,-400000.0625,-10705.1396484375,-5584.81005859375,-400000.0625,-6357.77001953125,-400000.0625,-7170.009765625,-400000.0625
184.9140386581421,-400000.0625,-10732.9404296875,-5619.10009765625,-400000.0625,-6392.77001953125,-400000.0625,-7199.3798828125,-400000.0625
184.92496347427368,-400000.0625,-10734.1796875,-5621.9599609375,-400000.0625,-6392.77001953125,-400000.0625,-7199.9599609375,-400000.0625
184.93357729911804,-400000.0625,-10710.91015625,-5589.33984375,-400000.0625,-6361.009765625,-400000.0625,-7175.97021484375,-400000.0625
184.94830107688904,-400000.0625,-10693.169921875,-5565.93017578125,-400000.0625,-6337.2099609375,-400000.0625,-7156.08984375,-400000.0625
184.9649932384491,-400000.0625,-10704.7099609375,-5587.47998046875,-400000.0625,-6352.85009765625,-400000.0625,-7172.68017578125,-400000.0625
184.98094868659973,-400000.0625,-10727.98046875,-5622.6298828125,-400000.0625,-6382.7998046875,-400000.0625,-7200.91015625,-400000.0625
185.0129599571228,-400000.0625,-10729.3603515625,-5623.91015625,-400000.0625,-6390.2900390625,-400000.0625,-7203.6298828125,-400000.0625
185.02712965011597,-400000.0625,-10703.759765625,-5587.52978515625,-400000.0625,-6354.89990234375,-400000.0625,-7175.77978515625,-400000.0625
185.03713464736938,-400000.0625,-10689.5498046875,-5564.06982421875,-400000.0625,-6329.10986328125,-400000.0625,-7156.66015625,-400000.0625
185.04581689834595,-400000.0625,-10708.4296875,-5587.009765625,-400000.0625,-6353.6201171875,-400000.0625,-7177.8798828125,-400000.0625
185.0609645843506,-400000.0625,-10735.7998046875,-5618.81005859375,-400000.0625,-6385.7099609375,-400000.0625,-7210.2099609375,-400000.0625
185.07067608833313,-400000.0625,-10736.66015625,-5622.91015625,-400000.0625,-6391.9599609375,-400000.0625,-7207.81982421875,-400000.0625
185.08440828323364,-400000.0625,-10706.6201171875,-5589.06005859375,-400000.0625,-6359.0498046875,-400000.0625,-7176.919921875,-400000.0625
185.10810494422913,-400000.0625,-10682.6796875,-5561.68994140625,-400000.0625,-6327.43994140625,-400000.0625,-7159.47021484375,-400000.0625
185.1251106262207,-400000.0625,-10704.759765625,-5584.91015625,-400000.0625,-6348.47021484375,-400000.0625,-7172.6298828125,-400000.0625
185.13770413398743,-400000.0625,-10736.509765625,-5620.33984375,-400000.0625,-6388.6201171875,-400000.0625,-7201.2001953125,-400000.0625
185.14777946472168,-400000.0625,-10738.23046875,-5623.2900390625,-400000.0625,-6394.33984375,-400000.0625,-7204.6298828125,-400000.0625
185.1578733921051,-400000.0625,-10706.3798828125,-5590.009765625,-400000.0625,-6358.14990234375,-400000.0625,-7175.8798828125,-400000.0625
185.16702556610107,-400000.0625,-10687.16015625,-5569.7900390625,-400000.0625,-6337.31005859375,-400000.0625,-7158.14013671875,-400000.0625
185.17526125907898,-400000.0625,-10709.3798828125,-5591.72998046875,-400000.0625,-6357.33984375,-400000.0625,-7175.35009765625,-400000.0625
185.19344544410706,-400000.0625,-10742.8095703125,-5625.06005859375,-400000.0625,-6388.9501953125,-400000.0625,-7201.81982421875,-400000.0625
185.2196183204651,-400000.0625,-10738.6103515625,-5621.0498046875,-400000.0625,-6390.6201171875,-400000.0625,-7204.72021484375,-400000.0625
185.23059749603271,-400000.0625,-10709.0,-5588.77001953125,-400000.0625,-6357.240234375,-400000.0625,-7175.259765625,-400000.0625
185.23913598060608,-400000.0625,-10689.2099609375,-5569.080078125,-400000.0625,-6336.06982421875,-400000.0625,-7153.18017578125,-400000.0625
185.24928164482117,-400000.0625,-10703.3701171875,-5587.14990234375,-400000.0625,-6355.56982421875,-400000.0625,-7174.10986328125,-400000.0625
185.258535861969,-400000.0625,-10737.990234375,-5619.47998046875,-400000.0625,-6393.33984375,-400000.0625,-7208.35009765625,-400000.0625
185.2668821811676,-400000.0625,-10740.7099609375,-5621.47998046875,-400000.0625,-6393.91015625,-400000.0625,-7211.64013671875,-400000.0625
185.27443289756775,-400000.0625,-10710.48046875,-5586.52978515625,-400000.0625,-6359.10009765625,-400000.0625,-7179.06982421875,-400000.0625
185.28504347801208,-400000.0625,-10691.169921875,-5565.97998046875,-400000.0625,-6338.8798828125,-400000.0625,-7157.419921875,-400000.0625
185.29450035095215,-400000.0625,-10708.1396484375,-5585.0,-400000.0625,-6358.10009765625,-400000.0625,-7179.5,-400000.0625
185.31946635246277,-400000.0625,-10737.0400390625,-5617.08984375,-400000.0625,-6388.7099609375,-400000.0625,-7210.02001953125,-400000.0625
185.33323740959167,-400000.0625,-10743.08984375,-5624.06005859375,-400000.0625,-6391.10009765625,-400000.0625,-7210.06005859375,-400000.0625
185.35044384002686,-400000.0625,-10714.4404296875,-5590.81982421875,-400000.0625,-6357.91015625,-400000.0625,-7180.4501953125,-400000.0625
185.36016631126404,-400000.0625,-10691.01953125,-5566.06982421875,-400000.0625,-6329.77978515625,-400000.0625,-7161.52001953125,-400000.0625
185.368634223938,-400000.0625,-10712.240234375,-5590.6298828125,-400000.0625,-6352.330078125,-400000.0625,-7181.8798828125,-400000.0625
185.37621116638184,-400000.0625,-10744.3798828125,-5625.490234375,-400000.0625,-6393.0498046875,-400000.0625,-7213.16015625,-400000.0625
185.39063549041748,-400000.0625,-10745.240234375,-5624.52978515625,-400000.0625,-6393.18994140625,-400000.0625,-7214.7900390625,-400000.0625
185.39924836158752,-400000.0625,-10710.33984375,-5586.33984375,-400000.0625,-6358.0498046875,-400000.0625,-7183.5498046875,-400000.0625
185.43064260482788,-400000.0625,-10689.2099609375,-5565.02001953125,-400000.0625,-6336.2099609375,-400000.0625,-7163.81005859375,-400000.0625
185.43916201591492,-400000.0625,-10708.6201171875,-5587.43994140625,-400000.0625,-6355.669921875,-400000.0625,-7182.7900390625,-400000.0625
185.44851160049438,-400000.0625,-10742.759765625,-5619.9599609375,-400000.0625,-6387.330078125,-400000.0625,-7210.58984375,-400000.0625
185.4626317024231,-400000.0625,-10744.91015625,-5617.18994140625,-400000.0625,-6388.52001953125,-400000.0625,-7210.02001953125,-400000.0625
185.4714343547821,-400000.0625,-10705.330078125,-5579.08984375,-400000.0625,-6354.56982421875,-400000.0625,-7176.58984375,-400000.0625
185.4814805984497,-400000.0625,-10683.3896484375,-5559.06005859375,-400000.0625,-6335.5498046875,-400000.0625,-7155.419921875,-400000.0625
185.49720430374146,-400000.0625,-10711.580078125,-5589.009765625,-400000.0625,-6367.97021484375,-400000.0625,-7177.5400390625,-400000.0625
185.50531339645386,-400000.0625,-10744.1904296875,-5625.490234375,-400000.0625,-6397.14990234375,-400000.0625,-7207.919921875,-400000.0625
185.5350182056427,-400000.0625,-10739.900390625,-5622.6298828125,-400000.0625,-6392.0498046875,-400000.0625,-7208.68017578125,-400000.0625
185.54329419136047,-400000.0625,-10707.9501953125,-5586.52978515625,-400000.0625,-6356.52978515625,-400000.0625,-7181.06982421875,-400000.0625
185.55381512641907,-400000.0625,-10690.6396484375,-5565.5498046875,-400000.0625,-6334.39990234375,-400000.0625,-7159.89990234375,-400000.0625
185.56508874893188,-400000.0625,-10715.150390625,-5590.72998046875,-400000.0625,-6357.43017578125,-400000.0625,-7177.5,-400000.0625
185.57343935966492,-400000.0625,-10744.48046875,-5622.580078125,-400000.0625,-6391.52978515625,-400000.0625,-7206.06005859375,-400000.0625
185.58776760101318,-400000.0625,-10741.900390625,-5619.33984375,-400000.0625,-6391.0498046875,-400000.0625,-7210.68017578125,-400000.0625
185.60074830055237,-400000.0625,-10711.6201171875,-5585.18994140625,-400000.0625,-6354.669921875,-400000.0625,-7178.5498046875,-400000.0625
185.6109642982483,-400000.0625,-10690.58984375,-5558.6298828125,-400000.0625,-6334.259765625,-400000.0625,-7157.85009765625,-400000.0625
185.63999843597412,-400000.0625,-10705.0,-5581.85986328125,-400000.0625,-6360.52978515625,-400000.0625,-7179.830078125,-400000.0625
185.65230059623718,-400000.0625,-10737.0400390625,-5614.85009765625,-400000.0625,-6391.18994140625,-400000.0625,-7206.2998046875,-400000.0625
185.66265559196472,-400000.0625,-10737.1298828125,-5613.18017578125,-400000.0625,-6388.14013671875,-400000.0625,-7207.39013671875,-400000.0625
185.6714005470276,-400000.0625,-10709.7197265625,-5583.330078125,-400000.0625,-6356.0,-400000.0625,-7180.2099609375,-400000.0625
185.68108892440796,-400000.0625,-10690.2099609375,-5560.10986328125,-400000.0625,-6331.490234375,-400000.0625,-7162.7099609375,-400000.0625
185.69287753105164,-400000.0625,-10703.1396484375,-5579.18994140625,-400000.0625,-6349.60986328125,-400000.0625,-7184.60009765625,-400000.0625
185.70258903503418,-400000.0625,-10740.8095703125,-5614.52001953125,-400000.0625,-6386.22998046875,-400000.0625,-7211.97021484375,-400000.0625
185.71009850502014,-400000.0625,-10742.0498046875,-5616.43017578125,-400000.0625,-6389.27978515625,-400000.0625,-7214.39990234375,-400000.0625
185.72156691551208,-400000.0625,-10708.6201171875,-5581.669921875,-400000.0625,-6354.81005859375,-400000.0625,-7187.89013671875,-400000.0625
185.7489674091339,-400000.0625,-10694.7001953125,-5559.919921875,-400000.0625,-6336.31005859375,-400000.0625,-7164.2900390625,-400000.0625
185.76084661483765,-400000.0625,-10714.3896484375,-5582.6201171875,-400000.0625,-6357.2900390625,-400000.0625,-7182.22021484375,-400000.0625
185.76982188224792,-400000.0625,-10741.759765625,-5616.14013671875,-400000.0625,-6390.10009765625,-400000.0625,-7211.02001953125,-400000.0625
185.77893924713135,-400000.0625,-10741.4697265625,-5616.85986328125,-400000.0625,-6391.10009765625,-400000.0625,-7212.740234375,-400000.0625
185.79005432128906,-400000.0625,-10714.580078125,-5584.81005859375,-400000.0625,-6357.85986328125,-400000.0625,-7182.22021484375,-400000.0625
185.79854488372803,-400000.0625,-10690.830078125,-5560.72998046875,-400000.0625,-6334.39990234375,-400000.0625,-7162.7099609375,-400000.0625
185.80728197097778,-400000.0625,-10709.8603515625,-5583.240234375,-400000.0625,-6358.85986328125,-400000.0625,-7183.35986328125,-400000.0625
185.8247995376587,-400000.0625,-10746.0,-5619.3798828125,-400000.0625,-6392.0498046875,-400000.0625,-7211.5400390625,-400000.0625
185.84727954864502,-400000.0625,-10742.6201171875,-5615.81005859375,-400000.0625,-6385.9501953125,-400000.0625,-7213.06982421875,-400000.0625
185.85895204544067,-400000.0625,-10712.76953125,-5581.85986328125,-400000.0625,-6350.60986328125,-400000.0625,-7183.60009765625,-400000.0625
185.86962938308716,-400000.0625,-10695.0302734375,-5561.2998046875,-400000.0625,-6335.5498046875,-400000.0625,-7162.52001953125,-400000.0625
185.8795943260193,-400000.0625,-10713.76953125,-5584.0498046875,-400000.0625,-6356.14013671875,-400000.0625,-7183.169921875,-400000.0625
185.89258432388306,-400000.0625,-10744.759765625,-5617.08984375,-400000.0625,-6391.14013671875,-400000.0625,-7214.97998046875,-400000.0625
185.90228295326233,-400000.0625,-10746.0498046875,-5619.240234375,-400000.0625,-6396.009765625,-400000.0625,-7211.39990234375,-400000.0625
185.90962076187134,-400000.0625,-10715.8701171875,-5586.580078125,-400000.0625,-6361.91015625,-400000.0625,-7182.4599609375,-400000.0625
185.92360258102417,-400000.0625,-10700.75,-5565.5,-400000.0625,-6335.39990234375,-400000.0625,-7167.2001953125,-400000.0625
185.9320890903473,-400000.0625,-10722.73046875,-5588.2900390625,-400000.0625,-6355.759765625,-400000.0625,-7184.7900390625,-400000.0625
185.95826196670532,-400000.0625,-10751.1103515625,-5619.33984375,-400000.0625,-6387.3798828125,-400000.0625,-7214.259765625,-400000.0625
185.96841979026794,-400000.0625,-10748.150390625,-5618.759765625,-400000.0625,-6388.669921875,-400000.0625,-7215.5498046875,-400000.0625
185.97713613510132,-400000.0625,-10719.58984375,-5587.77001953125,-400000.0625,-6360.81982421875,-400000.0625,-7183.97998046875,-400000.0625
185.98799586296082,-400000.0625,-10700.509765625,-5568.22021484375,-400000.0625,-6337.41015625,-400000.0625,-7162.18994140625,-400000.0625
185.99830269813538,-400000.0625,-10718.2998046875,-5590.33984375,-400000.0625,-6360.6298828125,-400000.0625,-7183.4599609375,-400000.0625
186.00727009773254,-400000.0625,-10747.099609375,-5619.81005859375,-400000.0625,-6393.39013671875,-400000.0625,-7212.2099609375,-400000.0625
186.01916813850403,-400000.0625,-10749.4404296875,-5618.669921875,-400000.0625,-6394.52978515625,-400000.0625,-7213.68994140625,-400000.0625
186.031653881073,-400000.0625,-10711.2900390625,-5579.56982421875,-400000.0625,-6357.52978515625,-400000.0625,-7182.64990234375,-400000.0625
186.0417537689209,-400000.0625,-10691.6904296875,-5559.06005859375,-400000.0625,-6337.259765625,-400000.0625,-7158.9501953125,-400000.0625
186.0701105594635,-400000.0625,-10712.48046875,-5584.81005859375,-400000.0625,-6359.33984375,-400000.0625,-7177.68994140625,-400000.0625
186.08141231536865,-400000.0625,-10744.0498046875,-5617.56982421875,-400000.0625,-6391.0,-400000.0625,-7210.16015625,-400000.0625
186.0932538509369,-400000.0625,-10747.5302734375,-5620.0,-400000.0625,-6389.3798828125,-400000.0625,-7210.68017578125,-400000.0625
186.10195565223694,-400000.0625,-10719.349609375,-5586.81982421875,-400000.0625,-6353.43017578125,-400000.0625,-7182.02978515625,-400000.0625
186.11008858680725,-400000.0625,-10701.4697265625,-5563.06982421875,-400000.0625,-6334.5,-400000.0625,-7164.10009765625,-400000.0625
186.12748312950134,-400000.0625,-10722.9697265625,-5589.06005859375,-400000.0625,-6358.72021484375,-400000.0625,-7182.60009765625,-400000.0625
186.137549161911,-400000.0625,-10747.76953125,-5620.3798828125,-400000.0625,-6390.759765625,-400000.0625,-7211.06982421875,-400000.0625
186.1466724872589,-400000.0625,-10744.240234375,-5618.18994140625,-400000.0625,-6389.47998046875,-400000.0625,-7211.830078125,-400000.0625
186.17493176460266,-400000.0625,-10717.1103515625,-5585.0,-400000.0625,-6357.10009765625,-400000.0625,-7181.35986328125,-400000.0625
186.18509006500244,-400000.0625,-10698.0302734375,-5566.02978515625,-400000.0625,-6337.2099609375,-400000.0625,-7159.6201171875,-400000.0625
186.19370889663696,-400000.0625,-10717.8701171875,-5586.580078125,-400000.0625,-6359.14990234375,-400000.0625,-7178.06982421875,-400000.0625
186.21037888526917,-400000.0625,-10752.25,-5619.81005859375,-400000.0625,-6388.7099609375,-400000.0625,-7209.68017578125,-400000.0625
186.21977353096008,-400000.0625,-10749.5302734375,-5620.580078125,-400000.0625,-6390.9501953125,-400000.0625,-7209.39990234375,-400000.0625
186.22843217849731,-400000.0625,-10716.0595703125,-5585.47998046875,-400000.0625,-6355.759765625,-400000.0625,-7183.02978515625,-400000.0625
186.24063992500305,-400000.0625,-10694.740234375,-5563.259765625,-400000.0625,-6331.35009765625,-400000.0625,-7165.0498046875,-400000.0625
186.25037145614624,-400000.0625,-10714.48046875,-5583.14013671875,-400000.0625,-6355.14013671875,-400000.0625,-7181.93017578125,-400000.0625
186.27952075004578,-400000.0625,-10746.099609375,-5617.08984375,-400000.0625,-6392.10009765625,-400000.0625,-7209.830078125,-400000.0625
186.28835582733154,-400000.0625,-10744.48046875,-5617.56982421875,-400000.0625,-6388.3798828125,-400000.0625,-7212.39990234375,-400000.0625
186.29777908325195,-400000.0625,-10713.4404296875,-5582.91015625,-400000.0625,-6351.47021484375,-400000.0625,-7184.7001953125,-400000.0625
186.30758619308472,-400000.0625,-10698.080078125,-5563.35986328125,-400000.0625,-6332.68017578125,-400000.0625,-7164.0498046875,-400000.0625
186.31663012504578,-400000.0625,-10715.4404296875,-5587.77001953125,-400000.0625,-6351.66015625,-400000.0625,-7185.080078125,-400000.0625
186.3271689414978,-400000.0625,-10744.1396484375,-5617.6201171875,-400000.0625,-6384.08984375,-400000.0625,-7212.740234375,-400000.0625
186.344797372818,-400000.0625,-10750.009765625,-5619.0,-400000.0625,-6383.27978515625,-400000.0625,-7210.72998046875,-400000.0625
186.3536994457245,-400000.0625,-10719.2998046875,-5584.14990234375,-400000.0625,-6355.9501953125,-400000.0625,-7186.18017578125,-400000.0625
186.38085961341858,-400000.0625,-10696.0302734375,-5560.4501953125,-400000.0625,-6339.169921875,-400000.0625,-7166.43017578125,-400000.0625
186.38940000534058,-400000.0625,-10713.4404296875,-5583.9501953125,-400000.0625,-6355.18994140625,-400000.0625,-7187.18017578125,-400000.0625
186.4048557281494,-400000.0625,-10740.08984375,-5614.9501953125,-400000.0625,-6384.990234375,-400000.0625,-7213.8798828125,-400000.0625
186.41316294670105,-400000.0625,-10740.3798828125,-5613.0400390625,-400000.0625,-6383.7099609375,-400000.0625,-7212.1201171875,-400000.0625
186.4209644794464,-400000.0625,-10711.8603515625,-5579.759765625,-400000.0625,-6352.08984375,-400000.0625,-7185.27001953125,-400000.0625
186.42980909347534,-400000.0625,-10691.599609375,-5557.5400390625,-400000.0625,-6330.58984375,-400000.0625,-7165.43017578125,-400000.0625
186.43968987464905,-400000.0625,-10712.580078125,-5581.18994140625,-400000.0625,-6349.3701171875,-400000.0625,-7182.93017578125,-400000.0625
186.44922542572021,-400000.0625,-10741.8095703125,-5612.7998046875,-400000.0625,-6385.330078125,-400000.0625,-7211.68994140625,-400000.0625
186.45670223236084,-400000.0625,-10746.6201171875,-5614.0,-400000.0625,-6396.10009765625,-400000.0625,-7215.31005859375,-400000.0625
186.48391318321228,-400000.0625,-10718.6298828125,-5581.18994140625,-400000.0625,-6357.0,-400000.0625,-7185.7001953125,-400000.0625
186.49115920066833,-400000.0625,-10697.4599609375,-5558.72998046875,-400000.0625,-6332.97021484375,-400000.0625,-7164.91015625,-400000.0625
186.50552988052368,-400000.0625,-10715.76953125,-5580.47021484375,-400000.0625,-6354.240234375,-400000.0625,-7184.169921875,-400000.0625
186.51609230041504,-400000.0625,-10742.759765625,-5610.509765625,-400000.0625,-6383.85009765625,-400000.0625,-7210.490234375,-400000.0625
186.52394223213196,-400000.0625,-10739.900390625,-5607.7001953125,-400000.0625,-6381.27001953125,-400000.0625,-7210.10986328125,-400000.0625
186.5346703529358,-400000.0625,-10708.51953125,-5573.7001953125,-400000.0625,-6350.7998046875,-400000.0625,-7183.89013671875,-400000.0625
186.54528856277466,-400000.0625,-10688.1201171875,-5552.009765625,-400000.0625,-6330.06005859375,-400000.0625,-7161.7099609375,-400000.0625
186.5544035434723,-400000.0625,-10714.580078125,-5578.419921875,-400000.0625,-6349.56005859375,-400000.0625,-7182.89013671875,-400000.0625
186.5638906955719,-400000.0625,-10743.330078125,-5610.1298828125,-400000.0625,-6380.509765625,-400000.0625,-7214.1201171875,-400000.0625
186.58824062347412,-400000.0625,-10740.419921875,-5609.3701171875,-400000.0625,-6380.7001953125,-400000.0625,-7214.02001953125,-400000.0625
186.59609365463257,-400000.0625,-10711.7197265625,-5575.60986328125,-400000.0625,-6349.27978515625,-400000.0625,-7184.83984375,-400000.0625
186.60553121566772,-400000.0625,-10687.7802734375,-5551.6201171875,-400000.0625,-6332.259765625,-400000.0625,-7163.81005859375,-400000.0625
186.61443781852722,-400000.0625,-10707.5703125,-5574.60986328125,-400000.0625,-6354.759765625,-400000.0625,-7184.509765625,-400000.0625
186.62205266952515,-400000.0625,-10739.51953125,-5607.41015625,-400000.0625,-6384.9501953125,-400000.0625,-7212.35009765625,-400000.0625
186.6311535835266,-400000.0625,-10739.3798828125,-5607.31982421875,-400000.0625,-6382.27978515625,-400000.0625,-7210.06005859375,-400000.0625
186.64139246940613,-400000.0625,-10703.1796875,-5568.7900390625,-400000.0625,-6346.7998046875,-400000.0625,-7181.22021484375,-400000.0625
186.64967894554138,-400000.0625,-10685.9697265625,-5549.6201171875,-400000.0625,-6326.77001953125,-400000.0625,-7164.77001953125,-400000.0625
186.65683841705322,-400000.0625,-10712.240234375,-5577.14013671875,-400000.0625,-6351.3798828125,-400000.0625,-7184.31982421875,-400000.0625
186.66650867462158,-400000.0625,-10742.4697265625,-5609.56005859375,-400000.0625,-6381.18017578125,-400000.0625,-7212.97021484375,-400000.0625
186.6929280757904,-400000.0625,-10741.5703125,-5607.18017578125,-400000.0625,-6376.7001953125,-400000.0625,-7212.97021484375,-400000.0625
186.70444869995117,-400000.0625,-10706.0400390625,-5573.1298828125,-400000.0625,-6347.56005859375,-400000.0625,-7183.31005859375,-400000.0625
186.71278285980225,-400000.0625,-10682.5400390625,-5549.52978515625,-400000.0625,-6327.919921875,-400000.0625,-7166.47998046875,-400000.0625
186.72046613693237,-400000.0625,-10706.5703125,-5573.419921875,-400000.0625,-6350.60986328125,-400000.0625,-7185.1298828125,-400000.0625
186.7280833721161,-400000.0625,-10740.330078125,-5607.64990234375,-400000.0625,-6385.0400390625,-400000.0625,-7214.8798828125,-400000.0625
186.7424077987671,-400000.0625,-10741.7099609375,-5608.56005859375,-400000.0625,-6382.990234375,-400000.0625,-7214.58984375,-400000.0625
186.75034093856812,-400000.0625,-10711.1904296875,-5576.08984375,-400000.0625,-6349.85009765625,-400000.0625,-7185.7900390625,-400000.0625
186.75728702545166,-400000.0625,-10693.5,-5555.919921875,-400000.0625,-6331.2099609375,-400000.0625,-7169.25,-400000.0625
186.76740622520447,-400000.0625,-10712.150390625,-5578.60986328125,-400000.0625,-6353.9501953125,-400000.0625,-7189.3701171875,-400000.0625
186.796626329422,-400000.0625,-10741.900390625,-5611.22998046875,-400000.0625,-6381.31982421875,-400000.0625,-7220.4599609375,-400000.0625
186.80983448028564,-400000.0625,-10742.3798828125,-5606.990234375,-400000.0625,-6377.41015625,-400000.0625,-7222.990234375,-400000.0625
186.81770300865173,-400000.0625,-10710.2900390625,-5575.60986328125,-400000.0625,-6348.47021484375,-400000.0625,-7188.02978515625,-400000.0625
186.8256871700287,-400000.0625,-10687.830078125,-5551.72021484375,-400000.0625,-6325.33984375,-400000.0625,-7170.77001953125,-400000.0625
186.84543776512146,-400000.0625,-10710.91015625,-5574.47021484375,-400000.0625,-6351.27978515625,-400000.0625,-7189.85009765625,-400000.0625
186.85349345207214,-400000.0625,-10740.1396484375,-5606.3701171875,-400000.0625,-6383.22998046875,-400000.0625,-7215.35986328125,-400000.0625
186.861967086792,-400000.0625,-10740.7099609375,-5609.56005859375,-400000.0625,-6384.22998046875,-400000.0625,-7215.8798828125,-400000.0625
186.87793111801147,-400000.0625,-10713.0498046875,-5577.56005859375,-400000.0625,-6349.27978515625,-400000.0625,-7187.990234375,-400000.0625
186.90446758270264,-400000.0625,-10693.5,-5554.009765625,-400000.0625,-6326.91015625,-400000.0625,-7169.919921875,-400000.0625
186.91373991966248,-400000.0625,-10717.3896484375,-5580.330078125,-400000.0625,-6350.56982421875,-400000.0625,-7192.14013671875,-400000.0625
186.92150688171387,-400000.0625,-10746.3798828125,-5614.330078125,-400000.0625,-6383.60986328125,-400000.0625,-7222.27001953125,-400000.0625
186.92927169799805,-400000.0625,-10745.5703125,-5614.22998046875,-400000.0625,-6380.75,-400000.0625,-7220.56005859375,-400000.0625
186.93963885307312,-400000.0625,-10717.6298828125,-5581.18994140625,-400000.0625,-6345.02978515625,-400000.0625,-7189.31982421875,-400000.0625
186.9495050907135,-400000.0625,-10692.9296875,-5557.6298828125,-400000.0625,-6331.39990234375,-400000.0625,-7171.8701171875,-400000.0625
186.95713305473328,-400000.0625,-10712.91015625,-5578.56982421875,-400000.0625,-6354.52001953125,-400000.0625,-7193.330078125,-400000.0625
186.96849465370178,-400000.0625,-10746.7197265625,-5612.52001953125,-400000.0625,-6385.66015625,-400000.0625,-7222.64990234375,-400000.0625
186.97896671295166,-400000.0625,-10746.9599609375,-5614.759765625,-400000.0625,-6384.89990234375,-400000.0625,-7221.27001953125,-400000.0625
187.0036313533783,-400000.0625,-10712.580078125,-5580.3798828125,-400000.0625,-6350.759765625,-400000.0625,-7191.75,-400000.0625
187.01257371902466,-400000.0625,-10693.41015625,-5555.33984375,-400000.0625,-6330.77978515625,-400000.0625,-7172.77978515625,-400000.0625
187.02045798301697,-400000.0625,-10716.33984375,-5577.27978515625,-400000.0625,-6348.990234375,-400000.0625,-7192.330078125,-400000.0625
187.02740025520325,-400000.0625,-10747.099609375,-5614.0400390625,-400000.0625,-6378.02978515625,-400000.0625,-7220.31982421875,-400000.0625
187.04271268844604,-400000.0625,-10745.5703125,-5612.66015625,-400000.0625,-6382.509765625,-400000.0625,-7219.27001953125,-400000.0625
187.0524492263794,-400000.0625,-10714.48046875,-5575.75,-400000.0625,-6349.14013671875,-400000.0625,-7188.75,-400000.0625
187.05951833724976,-400000.0625,-10691.259765625,-5555.39013671875,-400000.0625,-6320.72021484375,-400000.0625,-7166.47998046875,-400000.0625
187.07041883468628,-400000.0625,-10715.099609375,-5581.85986328125,-400000.0625,-6350.3701171875,-400000.0625,-7190.18017578125,-400000.0625
187.08048820495605,-400000.0625,-10747.48046875,-5613.759765625,-400000.0625,-6385.52001953125,-400000.0625,-7218.41015625,-400000.0625
187.10552620887756,-400000.0625,-10749.0595703125,-5613.0400390625,-400000.0625,-6383.22998046875,-400000.0625,-7219.41015625,-400000.0625
187.1146023273468,-400000.0625,-10715.5302734375,-5578.60986328125,-400000.0625,-6349.990234375,-400000.0625,-7189.419921875,-400000.0625
187.1231405735016,-400000.0625,-10690.400390625,-5552.85986328125,-400000.0625,-6328.2998046875,-400000.0625,-7168.6298828125,-400000.0625
187.13461017608643,-400000.0625,-10715.2998046875,-5579.419921875,-400000.0625,-6352.89990234375,-400000.0625,-7188.1298828125,-400000.0625
187.16131234169006,-400000.0625,-10770.509765625,-5615.7099609375,-400000.0625,-6378.7900390625,-400000.0625,-7213.77978515625,-400000.0625
187.16144561767578,-400000.0625,-10759.2099609375,-5606.4599609375,-400000.0625,-6366.25,-400000.0625,-7204.490234375,-400000.0625
187.16145825386047,-400000.0625,-10729.98046875,-5575.85009765625,-400000.0625,-6332.5400390625,-400000.0625,-7179.93017578125,-400000.0625
187.16146802902222,-400000.0625,-10716.25,-5559.97021484375,-400000.0625,-6318.6201171875,-400000.0625,-7163.6201171875,-400000.0625
187.16148948669434,-400000.0625,-10744.8603515625,-5589.39013671875,-400000.0625,-6346.18017578125,-400000.0625,-7189.7001953125,-400000.0625
187.1614978313446,-400000.0625,-10773.419921875,-5619.72021484375,-400000.0625,-6370.39990234375,-400000.0625,-7215.06982421875,-400000.0625
187.16150665283203,-400000.0625,-10766.7001953125,-5609.85009765625,-400000.0625,-6364.16015625,-400000.0625,-7210.97021484375,-400000.0625
187.1615149974823,-400000.0625,-10730.740234375,-5571.4599609375,-400000.0625,-6332.5400390625,-400000.0625,-7179.5,-400000.0625
187.16152215003967,-400000.0625,-10716.73046875,-5555.68017578125,-400000.0625,-6317.47021484375,-400000.0625,-7167.72021484375,-400000.0625
187.1615309715271,-400000.0625,-10746.0498046875,-5585.72021484375,-400000.0625,-6344.27001953125,-400000.0625,-7196.7099609375,-400000.0625
187.1615433692932,-400000.0625,-10770.9404296875,-5614.18994140625,-400000.0625,-6373.93017578125,-400000.0625,-7221.509765625,-400000.0625
187.16155242919922,-400000.0625,-10760.5,-5606.60009765625,-400000.0625,-6365.06005859375,-400000.0625,-7215.740234375,-400000.0625
187.1615617275238,-400000.0625,-10732.0302734375,-5572.31982421875,-400000.0625,-6330.35009765625,-400000.0625,-7187.60986328125,-400000.0625
187.1615710258484,-400000.0625,-10723.0703125,-5560.919921875,-400000.0625,-6319.330078125,-400000.0625,-7171.81982421875,-400000.0625
187.16157937049866,-400000.0625,-10751.0595703125,-5591.2001953125,-400000.0625,-6350.7998046875,-400000.0625,-7197.18994140625,-400000.0625
187.1615869998932,-400000.0625,-10778.240234375,-5620.10009765625,-400000.0625,-6375.740234375,-400000.0625,-7224.509765625,-400000.0625
187.16159582138062,-400000.0625,-10768.75,-5610.509765625,-400000.0625,-6368.2998046875,-400000.0625,-7217.4599609375,-400000.0625
187.1616051197052,-400000.0625,-10737.08984375,-5576.66015625,-400000.0625,-6337.2099609375,-400000.0625,-7185.56005859375,-400000.0625
187.1616129875183,-400000.0625,-10721.259765625,-5559.5400390625,-400000.0625,-6319.240234375,-400000.0625,-7169.68017578125,-400000.0625
187.161630153656,-400000.0625,-10746.8095703125,-5585.81005859375,-400000.0625,-6344.64990234375,-400000.0625,-7197.0,-400000.0625
187.1616609096527,-400000.0625,-10775.330078125,-5617.43017578125,-400000.0625,-6372.830078125,-400000.0625,-7218.83984375,-400000.0625
187.16168069839478,-400000.0625,-10765.509765625,-5609.0400390625,-400000.0625,-6362.9599609375,-400000.0625,-7211.2998046875,-400000.0625
187.161700963974,-400000.0625,-10733.8896484375,-5571.7001953125,-400000.0625,-6328.06005859375,-400000.0625,-7182.31005859375,-400000.0625
187.1617202758789,-400000.0625,-10724.3603515625,-5558.830078125,-400000.0625,-6317.18994140625,-400000.0625,-7164.91015625,-400000.0625
187.16173434257507,-400000.0625,-10749.3896484375,-5587.580078125,-400000.0625,-6354.56982421875,-400000.0625,-7194.56982421875,-400000.0625
187.16175317764282,-400000.0625,-10775.23046875,-5616.85986328125,-400000.0625,-6379.18017578125,-400000.0625,-7224.31982421875,-400000.0625
187.1617670059204,-400000.0625,-10769.7001953125,-5606.64990234375,-400000.0625,-6368.97021484375,-400000.0625,-7214.169921875,-400000.0625
187.16178369522095,-400000.0625,-10736.900390625,-5571.7001953125,-400000.0625,-6333.64013671875,-400000.0625,-7184.60009765625,-400000.0625
187.16181111335754,-400000.0625,-10722.349609375,-5557.25,-400000.0625,-6316.47021484375,-400000.0625,-7174.77978515625,-400000.0625
187.16181921958923,-400000.0625,-10747.6201171875,-5586.72021484375,-400000.0625,-6348.3701171875,-400000.0625,-7199.0498046875,-400000.0625
187.16182804107666,-400000.0625,-10773.3701171875,-5619.56982421875,-400000.0625,-6375.64990234375,-400000.0625,-7224.18017578125,-400000.0625
187.16183495521545,-400000.0625,-10765.3203125,-5608.990234375,-400000.0625,-6367.72998046875,-400000.0625,-7215.8798828125,-400000.0625
187.16184091567993,-400000.0625,-10735.5595703125,-5570.7900390625,-400000.0625,-6334.4501953125,-400000.0625,-7180.259765625,-400000.0625
187.161847114563,-400000.0625,-10723.740234375,-5558.009765625,-400000.0625,-6318.27978515625,-400000.0625,-7167.85986328125,-400000.0625
187.16185331344604,-400000.0625,-10751.1103515625,-5587.72021484375,-400000.0625,-6342.83984375,-400000.0625,-7197.240234375,-400000.0625
187.16185879707336,-400000.0625,-10775.7099609375,-5615.52001953125,-400000.0625,-6374.68994140625,-400000.0625,-7224.56005859375,-400000.0625
187.16186428070068,-400000.0625,-10770.990234375,-5606.7001953125,-400000.0625,-6368.06982421875,-400000.0625,-7216.83984375,-400000.0625
187.16187024116516,-400000.0625,-10735.990234375,-5571.31982421875,-400000.0625,-6326.490234375,-400000.0625,-7189.3701171875,-400000.0625
187.16187691688538,-400000.0625,-10723.9296875,-5558.6298828125,-400000.0625,-6315.3798828125,-400000.0625,-7175.64013671875,-400000.0625
187.1618835926056,-400000.0625,-10754.25,-5589.2001953125,-400000.0625,-6350.60986328125,-400000.0625,-7200.669921875,-400000.0625
187.16188979148865,-400000.0625,-10779.7197265625,-5618.0498046875,-400000.0625,-6380.509765625,-400000.0625,-7223.7998046875,-400000.0625
187.16189551353455,-400000.0625,-10768.5595703125,-5606.93994140625,-400000.0625,-6370.93017578125,-400000.0625,-7213.16015625,-400000.0625
187.16190123558044,-400000.0625,-10738.7998046875,-5572.3701171875,-400000.0625,-6332.5400390625,-400000.0625,-7181.259765625,-400000.0625
187.16190719604492,-400000.0625,-10726.98046875,-5560.16015625,-400000.0625,-6318.52001953125,-400000.0625,-7173.830078125,-400000.0625
187.16191267967224,-400000.0625,-10754.8701171875,-5591.39013671875,-400000.0625,-6349.18017578125,-400000.0625,-7200.18994140625,-400000.0625
187.16191816329956,-400000.0625,-10781.099609375,-5622.580078125,-400000.0625,-6379.02978515625,-400000.0625,-7225.22998046875,-400000.0625
187.16192364692688,-400000.0625,-10772.75,-5615.27978515625,-400000.0625,-6367.259765625,-400000.0625,-7219.35986328125,-400000.0625
187.1619291305542,-400000.0625,-10742.3798828125,-5578.47021484375,-400000.0625,-6335.77978515625,-400000.0625,-7189.080078125,-400000.0625
187.16193509101868,-400000.0625,-10730.7001953125,-5566.1201171875,-400000.0625,-6325.2900390625,-400000.0625,-7177.5400390625,-400000.0625
187.161940574646,-400000.0625,-10759.3095703125,-5598.4501953125,-400000.0625,-6352.27978515625,-400000.0625,-7201.81982421875,-400000.0625
187.16194605827332,-400000.0625,-10788.3896484375,-5629.02001953125,-400000.0625,-6382.0400390625,-400000.0625,-7230.6201171875,-400000.0625
187.1619520187378,-400000.0625,-10778.8095703125,-5621.52978515625,-400000.0625,-6370.35009765625,-400000.0625,-7222.1298828125,-400000.0625
187.16196370124817,-400000.0625,-10745.6201171875,-5583.47998046875,-400000.0625,-6336.97998046875,-400000.0625,-7189.31982421875,-400000.0625
187.16197061538696,-400000.0625,-10732.41015625,-5570.97998046875,-400000.0625,-6326.52978515625,-400000.0625,-7180.02001953125,-400000.0625
187.16197681427002,-400000.0625,-10763.2197265625,-5602.169921875,-400000.0625,-6355.81005859375,-400000.0625,-7206.009765625,-400000.0625
187.1619827747345,-400000.0625,-10786.580078125,-5628.919921875,-400000.0625,-6376.5498046875,-400000.0625,-7230.85009765625,-400000.0625
187.1619884967804,-400000.0625,-10777.900390625,-5619.10009765625,-400000.0625,-6369.72998046875,-400000.0625,-7222.64990234375,-400000.0625
187.1619942188263,-400000.0625,-10745.33984375,-5583.9501953125,-400000.0625,-6338.8798828125,-400000.0625,-7193.89990234375,-400000.0625
187.16200065612793,-400000.0625,-10733.3701171875,-5570.7900390625,-400000.0625,-6328.2998046875,-400000.0625,-7180.7900390625,-400000.0625
187.16200709342957,-400000.0625,-10758.6904296875,-5600.35986328125,-400000.0625,-6353.759765625,-400000.0625,-7205.43994140625,-400000.0625
187.1620135307312,-400000.0625,-10785.580078125,-5630.5400390625,-400000.0625,-6377.5498046875,-400000.0625,-7230.08984375,-400000.0625
187.16201901435852,-400000.0625,-10775.2802734375,-5617.43017578125,-400000.0625,-6364.8701171875,-400000.0625,-7221.7001953125,-400000.0625
187.162024974823,-400000.0625,-10744.759765625,-5581.330078125,-400000.0625,-6331.97021484375,-400000.0625,-7190.56005859375,-400000.0625
187.16203093528748,-400000.0625,-10734.7001953125,-5568.64990234375,-400000.0625,-6318.3798828125,-400000.0625,-7179.68994140625,-400000.0625
187.16203665733337,-400000.0625,-10761.599609375,-5601.60009765625,-400000.0625,-6354.52001953125,-400000.0625,-7203.43994140625,-400000.0625
187.16204190254211,-400000.0625,-10787.580078125,-5631.39990234375,-400000.0625,-6384.330078125,-400000.0625,-7231.08984375,-400000.0625
187.16204977035522,-400000.0625,-10781.3798828125,-5618.3798828125,-400000.0625,-6373.740234375,-400000.0625,-7221.89013671875,-400000.0625
187.16205549240112,-400000.0625,-10748.2001953125,-5582.18994140625,-400000.0625,-6335.740234375,-400000.0625,-7191.66015625,-400000.0625
187.16206121444702,-400000.0625,-10734.7001953125,-5570.1298828125,-400000.0625,-6323.669921875,-400000.0625,-7181.02978515625,-400000.0625
187.16206669807434,-400000.0625,-10763.1201171875,-5600.60009765625,-400000.0625,-6352.6201171875,-400000.0625,-7206.72998046875,-400000.0625
187.16207218170166,-400000.0625,-10791.490234375,-5631.8798828125,-400000.0625,-6380.02978515625,-400000.0625,-7233.43017578125,-400000.0625
187.16207766532898,-400000.0625,-10777.5703125,-5621.43017578125,-400000.0625,-6368.5400390625,-400000.0625,-7226.22998046875,-400000.0625
187.1620831489563,-400000.0625,-10746.580078125,-5587.9599609375,-400000.0625,-6333.39990234375,-400000.0625,-7189.60986328125,-400000.0625
187.16208910942078,-400000.0625,-10733.3203125,-5574.080078125,-400000.0625,-6323.2900390625,-400000.0625,-7181.97998046875,-400000.0625
187.1620945930481,-400000.0625,-10756.259765625,-5601.31005859375,-400000.0625,-6351.0400390625,-400000.0625,-7208.919921875,-400000.0625
187.16210055351257,-400000.0625,-10784.48046875,-5632.5,-400000.0625,-6378.7900390625,-400000.0625,-7233.669921875,-400000.0625
187.1621060371399,-400000.0625,-10776.2802734375,-5620.52978515625,-400000.0625,-6368.830078125,-400000.0625,-7225.31982421875,-400000.0625
187.1621117591858,-400000.0625,-10742.2802734375,-5583.56982421875,-400000.0625,-6336.7900390625,-400000.0625,-7192.419921875,-400000.0625
187.16211700439453,-400000.0625,-10735.849609375,-5573.60986328125,-400000.0625,-6331.16015625,-400000.0625,-7177.39990234375,-400000.0625
187.16212272644043,-400000.0625,-10760.9296875,-5602.7900390625,-400000.0625,-6356.33984375,-400000.0625,-7210.2998046875,-400000.0625
187.16212821006775,-400000.0625,-10785.4404296875,-5629.39990234375,-400000.0625,-6379.41015625,-400000.0625,-7233.81005859375,-400000.0625
187.16213417053223,-400000.0625,-10776.900390625,-5621.33984375,-400000.0625,-6372.5498046875,-400000.0625,-7219.4599609375,-400000.0625
187.16214036941528,-400000.0625,-10744.2900390625,-5585.39013671875,-400000.0625,-6338.4501953125,-400000.0625,-7190.419921875,-400000.0625
187.16214561462402,-400000.0625,-10733.4599609375,-5574.89013671875,-400000.0625,-6328.68017578125,-400000.0625,-7178.259765625,-400000.0625
187.16215133666992,-400000.0625,-10759.8798828125,-5605.60009765625,-400000.0625,-6359.72021484375,-400000.0625,-7205.25,-400000.0625
187.16215682029724,-400000.0625,-10788.73046875,-5633.68994140625,-400000.0625,-6388.7099609375,-400000.0625,-7231.7099609375,-400000.0625
187.16216206550598,-400000.0625,-10782.2001953125,-5623.2001953125,-400000.0625,-6378.64990234375,-400000.0625,-7224.75,-400000.0625
187.16216778755188,-400000.0625,-10751.580078125,-5588.77001953125,-400000.0625,-6337.1201171875,-400000.0625,-7195.330078125,-400000.0625
187.16217350959778,-400000.0625,-10741.0400390625,-5575.7099609375,-400000.0625,-6322.91015625,-400000.0625,-7182.7900390625,-400000.0625
187.16217947006226,-400000.0625,-10767.3203125,-5603.83984375,-400000.0625,-6352.66015625,-400000.0625,-7212.35009765625,-400000.0625
187.16218495368958,-400000.0625,-10790.16015625,-5628.2998046875,-400000.0625,-6379.64990234375,-400000.0625,-7237.39013671875,-400000.0625
187.16219067573547,-400000.0625,-10781.9599609375,-5621.77001953125,-400000.0625,-6370.39990234375,-400000.0625,-7224.56005859375,-400000.0625
187.16219639778137,-400000.0625,-10751.4404296875,-5590.06005859375,-400000.0625,-6334.8798828125,-400000.0625,-7195.330078125,-400000.0625
187.16220211982727,-400000.0625,-10738.1796875,-5575.3701171875,-400000.0625,-6321.33984375,-400000.0625,-7184.740234375,-400000.0625
187.162207365036,-400000.0625,-10768.3701171875,-5606.60009765625,-400000.0625,-6354.330078125,-400000.0625,-7211.919921875,-400000.0625
187.16221380233765,-400000.0625,-10794.01953125,-5636.1201171875,-400000.0625,-6383.85009765625,-400000.0625,-7236.43017578125,-400000.0625
187.16222023963928,-400000.0625,-10784.2001953125,-5626.2001953125,-400000.0625,-6371.830078125,-400000.0625,-7227.47021484375,-400000.0625
187.1622257232666,-400000.0625,-10747.6201171875,-5588.47998046875,-400000.0625,-6337.830078125,-400000.0625,-7196.240234375,-400000.0625
187.16223168373108,-400000.0625,-10734.5595703125,-5573.7001953125,-400000.0625,-6328.14990234375,-400000.0625,-7183.02978515625,-400000.0625
187.16223764419556,-400000.0625,-10759.5498046875,-5605.509765625,-400000.0625,-6356.91015625,-400000.0625,-7207.490234375,-400000.0625
187.16224312782288,-400000.0625,-10786.8203125,-5633.5498046875,-400000.0625,-6379.64990234375,-400000.0625,-7233.759765625,-400000.0625
187.16224884986877,-400000.0625,-10779.91015625,-5622.91015625,-400000.0625,-6368.919921875,-400000.0625,-7224.1298828125,-400000.0625
187.16225457191467,-400000.0625,-10744.669921875,-5586.10009765625,-400000.0625,-6335.77978515625,-400000.0625,-7193.22998046875,-400000.0625
187.1622598171234,-400000.0625,-10733.650390625,-5577.3701171875,-400000.0625,-6326.10009765625,-400000.0625,-7179.259765625,-400000.0625
187.1622655391693,-400000.0625,-10760.1201171875,-5603.27001953125,-400000.0625,-6357.85986328125,-400000.0625,-7206.68017578125,-400000.0625
187.1622714996338,-400000.0625,-10784.33984375,-5628.06005859375,-400000.0625,-6382.509765625,-400000.0625,-7233.10009765625,-400000.0625
187.16227674484253,-400000.0625,-10774.0400390625,-5617.91015625,-400000.0625,-6375.31005859375,-400000.0625,-7222.27001953125,-400000.0625
187.16228222846985,-400000.0625,-10740.8095703125,-5583.81005859375,-400000.0625,-6338.22021484375,-400000.0625,-7190.27978515625,-400000.0625
187.16228771209717,-400000.0625,-10725.7900390625,-5569.97998046875,-400000.0625,-6325.2001953125,-400000.0625,-7181.740234375,-400000.0625
187.16229343414307,-400000.0625,-10754.5400390625,-5599.68994140625,-400000.0625,-6355.14013671875,-400000.0625,-7205.77001953125,-400000.0625
187.1622986793518,-400000.0625,-10781.240234375,-5627.81982421875,-400000.0625,-6384.419921875,-400000.0625,-7232.759765625,-400000.0625
187.1623044013977,-400000.0625,-10772.7998046875,-5616.52001953125,-400000.0625,-6373.169921875,-400000.0625,-7223.7998046875,-400000.0625
187.16231036186218,-400000.0625,-10738.66015625,-5582.85986328125,-400000.0625,-6336.5498046875,-400000.0625,-7187.93994140625,-400000.0625
187.16231560707092,-400000.0625,-10725.0703125,-5569.27001953125,-400000.0625,-6325.2900390625,-400000.0625,-7176.16015625,-400000.0625
187.16232132911682,-400000.0625,-10752.2998046875,-5598.39990234375,-400000.0625,-6362.9599609375,-400000.0625,-7203.9599609375,-400000.0625
187.16232752799988,-400000.0625,-10782.33984375,-5629.16015625,-400000.0625,-6388.81005859375,-400000.0625,-7231.27978515625,-400000.0625
187.16233277320862,-400000.0625,-10772.419921875,-5617.0,-400000.0625,-6373.5,-400000.0625,-7226.56005859375,-400000.0625
187.1623387336731,-400000.0625,-10736.990234375,-5578.9501953125,-400000.0625,-6333.39990234375,-400000.0625,-7194.81005859375,-400000.0625
187.16234517097473,-400000.0625,-10722.5,-5563.97998046875,-400000.0625,-6317.43017578125,-400000.0625,-7181.7900390625,-400000.0625
187.16235089302063,-400000.0625,-10755.16015625,-5594.2998046875,-400000.0625,-6349.14013671875,-400000.0625,-7209.58984375,-400000.0625
187.1623568534851,-400000.0625,-10784.2900390625,-5626.68017578125,-400000.0625,-6385.3701171875,-400000.0625,-7236.39013671875,-400000.0625
187.162362575531,-400000.0625,-10772.6103515625,-5616.14013671875,-400000.0625,-6372.740234375,-400000.0625,-7229.08984375,-400000.0625
187.16236805915833,-400000.0625,-10743.0498046875,-5581.0498046875,-400000.0625,-6337.169921875,-400000.0625,-7199.43017578125,-400000.0625
187.16237354278564,-400000.0625,-10733.0302734375,-5571.64990234375,-400000.0625,-6324.81982421875,-400000.0625,-7187.27001953125,-400000.0625
187.16237902641296,-400000.0625,-10760.0703125,-5602.8798828125,-400000.0625,-6356.0498046875,-400000.0625,-7217.83984375,-400000.0625
187.1623842716217,-400000.0625,-10786.919921875,-5633.02001953125,-400000.0625,-6380.990234375,-400000.0625,-7243.5400390625,-400000.0625
187.1623899936676,-400000.0625,-10776.849609375,-5621.43017578125,-400000.0625,-6369.5400390625,-400000.0625,-7232.6201171875,-400000.0625
187.16239595413208,-400000.0625,-10744.4296875,-5587.2001953125,-400000.0625,-6334.97021484375,-400000.0625,-7197.85986328125,-400000.0625
187.1624026298523,-400000.0625,-10733.650390625,-5574.990234375,-400000.0625,-6324.6298828125,-400000.0625,-7189.3701171875,-400000.0625
187.16240859031677,-400000.0625,-10760.169921875,-5605.75,-400000.0625,-6357.0,-400000.0625,-7215.35986328125,-400000.0625
187.16241550445557,-400000.0625,-10789.349609375,-5636.02978515625,-400000.0625,-6384.7099609375,-400000.0625,-7238.33984375,-400000.0625
187.16242122650146,-400000.0625,-10781.150390625,-5623.33984375,-400000.0625,-6371.06982421875,-400000.0625,-7230.3798828125,-400000.0625
187.16242671012878,-400000.0625,-10742.6201171875,-5585.85986328125,-400000.0625,-6337.4501953125,-400000.0625,-7199.52978515625,-400000.0625
187.16243267059326,-400000.0625,-10728.2197265625,-5571.1298828125,-400000.0625,-6322.91015625,-400000.0625,-7185.7900390625,-400000.0625
187.16243839263916,-400000.0625,-10757.259765625,-5602.22021484375,-400000.0625,-6351.27978515625,-400000.0625,-7213.77978515625,-400000.0625
187.1624436378479,-400000.0625,-10785.3896484375,-5632.39990234375,-400000.0625,-6378.83984375,-400000.0625,-7240.33984375,-400000.0625
187.16244912147522,-400000.0625,-10780.1904296875,-5624.33984375,-400000.0625,-6375.1201171875,-400000.0625,-7232.18994140625,-400000.0625
187.16245460510254,-400000.0625,-10749.91015625,-5591.009765625,-400000.0625,-6339.64990234375,-400000.0625,-7203.68017578125,-400000.0625
187.16246032714844,-400000.0625,-10732.1796875,-5575.990234375,-400000.0625,-6328.72998046875,-400000.0625,-7188.60986328125,-400000.0625
187.16246581077576,-400000.0625,-10758.16015625,-5604.7900390625,-400000.0625,-6356.56982421875,-400000.0625,-7214.830078125,-400000.0625
187.16247153282166,-400000.0625,-10787.6796875,-5636.5,-400000.0625,-6383.56005859375,-400000.0625,-7240.580078125,-400000.0625
187.16247725486755,-400000.0625,-10778.2900390625,-5622.91015625,-400000.0625,-6376.080078125,-400000.0625,-7226.56005859375,-400000.0625
187.1624825000763,-400000.0625,-10743.0498046875,-5583.6201171875,-400000.0625,-6338.31005859375,-400000.0625,-7191.75,-400000.0625
187.16248846054077,-400000.0625,-10732.0302734375,-5570.93994140625,-400000.0625,-6331.06005859375,-400000.0625,-7182.06982421875,-400000.0625
187.16249442100525,-400000.0625,-10762.5498046875,-5604.64990234375,-400000.0625,-6362.06005859375,-400000.0625,-7211.64013671875,-400000.0625
187.16249990463257,-400000.0625,-10791.0595703125,-5634.830078125,-400000.0625,-6387.6201171875,-400000.0625,-7236.91015625,-400000.0625
187.16250586509705,-400000.0625,-10776.23046875,-5623.68017578125,-400000.0625,-6376.93017578125,-400000.0625,-7225.990234375,-400000.0625
187.16251182556152,-400000.0625,-10745.150390625,-5589.52978515625,-400000.0625,-6341.41015625,-400000.0625,-7195.330078125,-400000.0625
187.162517786026,-400000.0625,-10738.849609375,-5578.3798828125,-400000.0625,-6327.919921875,-400000.0625,-7183.41015625,-400000.0625
187.16252326965332,-400000.0625,-10765.26953125,-5606.27001953125,-400000.0625,-6359.14990234375,-400000.0625,-7209.39990234375,-400000.0625
187.16252875328064,-400000.0625,-10787.5400390625,-5631.77978515625,-400000.0625,-6387.6201171875,-400000.0625,-7238.72021484375,-400000.0625
187.16253423690796,-400000.0625,-10779.8095703125,-5618.669921875,-400000.0625,-6374.64990234375,-400000.0625,-7230.0400390625,-400000.0625
187.16253995895386,-400000.0625,-10747.099609375,-5585.72021484375,-400000.0625,-6340.35986328125,-400000.0625,-7195.43017578125,-400000.0625
187.1625452041626,-400000.0625,-10737.0400390625,-5577.52001953125,-400000.0625,-6330.16015625,-400000.0625,-7183.27001953125,-400000.0625
187.16255116462708,-400000.0625,-10769.419921875,-5610.7998046875,-400000.0625,-6361.06005859375,-400000.0625,-7212.93017578125,-400000.0625
187.1625566482544,-400000.0625,-10794.259765625,-5639.1201171875,-400000.0625,-6388.27978515625,-400000.0625,-7241.14990234375,-400000.0625
187.1625621318817,-400000.0625,-10784.4404296875,-5628.39990234375,-400000.0625,-6378.41015625,-400000.0625,-7232.52001953125,-400000.0625
187.1625678539276,-400000.0625,-10752.8701171875,-5597.16015625,-400000.0625,-6343.7900390625,-400000.0625,-7205.25,-400000.0625
187.1625735759735,-400000.0625,-10745.5302734375,-5584.77001953125,-400000.0625,-6329.490234375,-400000.0625,-7196.0,-400000.0625
187.16257882118225,-400000.0625,-10773.7998046875,-5613.7998046875,-400000.0625,-6361.2900390625,-400000.0625,-7221.7900390625,-400000.0625
187.16258430480957,-400000.0625,-10796.169921875,-5639.080078125,-400000.0625,-6387.759765625,-400000.0625,-7245.259765625,-400000.0625
187.16259002685547,-400000.0625,-10786.2001953125,-5626.490234375,-400000.0625,-6378.60009765625,-400000.0625,-7234.85986328125,-400000.0625
187.1625955104828,-400000.0625,-10752.009765625,-5594.2099609375,-400000.0625,-6347.75,-400000.0625,-7202.91015625,-400000.0625
187.16260170936584,-400000.0625,-10744.669921875,-5581.669921875,-400000.0625,-6335.35009765625,-400000.0625,-7192.759765625,-400000.0625
187.16260743141174,-400000.0625,-10776.8095703125,-5612.18017578125,-400000.0625,-6366.68017578125,-400000.0625,-7218.64990234375,-400000.0625
187.16261339187622,-400000.0625,-10798.5498046875,-5638.89013671875,-400000.0625,-6391.2900390625,-400000.0625,-7245.259765625,-400000.0625
187.16261887550354,-400000.0625,-10782.9599609375,-5624.52978515625,-400000.0625,-6372.5498046875,-400000.0625,-7233.81005859375,-400000.0625
187.16262412071228,-400000.0625,-10753.919921875,-5589.68017578125,-400000.0625,-6342.4599609375,-400000.0625,-7202.10009765625,-400000.0625
187.16262984275818,-400000.0625,-10742.6201171875,-5578.7099609375,-400000.0625,-6332.72998046875,-400000.0625,-7190.1298828125,-400000.0625
187.16263556480408,-400000.0625,-10770.509765625,-5608.3701171875,-400000.0625,-6366.919921875,-400000.0625,-7213.06982421875,-400000.0625
187.16264152526855,-400000.0625,-10794.2099609375,-5635.35986328125,-400000.0625,-6392.43017578125,-400000.0625,-7239.10009765625,-400000.0625
187.16264748573303,-400000.0625,-10781.0,-5621.72021484375,-400000.0625,-6376.93017578125,-400000.0625,-7227.3701171875,-400000.0625
187.16265273094177,-400000.0625,-10750.8701171875,-5587.91015625,-400000.0625,-6343.64990234375,-400000.0625,-7199.14990234375,-400000.0625
187.16265845298767,-400000.0625,-10741.4296875,-5578.56982421875,-400000.0625,-6336.5,-400000.0625,-7190.60986328125,-400000.0625
187.16266465187073,-400000.0625,-10771.5595703125,-5609.31982421875,-400000.0625,-6364.10986328125,-400000.0625,-7216.60009765625,-400000.0625
187.16267013549805,-400000.0625,-10801.599609375,-5635.93017578125,-400000.0625,-6387.56982421875,-400000.0625,-7240.10986328125,-400000.0625
187.16267585754395,-400000.0625,-10783.76953125,-5617.9501953125,-400000.0625,-6374.7900390625,-400000.0625,-7230.7099609375,-400000.0625
187.16268134117126,-400000.0625,-10744.669921875,-5582.669921875,-400000.0625,-6343.27001953125,-400000.0625,-7199.43017578125,-400000.0625
187.16268682479858,-400000.0625,-10735.3701171875,-5573.080078125,-400000.0625,-6331.64013671875,-400000.0625,-7189.27001953125,-400000.0625
187.16269278526306,-400000.0625,-10767.75,-5605.93994140625,-400000.0625,-6361.68017578125,-400000.0625,-7218.60009765625,-400000.0625
187.1626980304718,-400000.0625,-10790.830078125,-5634.169921875,-400000.0625,-6385.3701171875,-400000.0625,-7245.39990234375,-400000.0625
187.1627037525177,-400000.0625,-10775.759765625,-5620.0498046875,-400000.0625,-6372.60009765625,-400000.0625,-7234.47998046875,-400000.0625
187.16270923614502,-400000.0625,-10744.91015625,-5583.669921875,-400000.0625,-6338.7900390625,-400000.0625,-7202.669921875,-400000.0625
187.16271471977234,-400000.0625,-10734.1796875,-5573.89013671875,-400000.0625,-6329.10986328125,-400000.0625,-7191.3701171875,-400000.0625
187.16272044181824,-400000.0625,-10762.0302734375,-5602.97998046875,-400000.0625,-6365.97021484375,-400000.0625,-7219.27001953125,-400000.0625
187.16272616386414,-400000.0625,-10791.4501953125,-5630.35009765625,-400000.0625,-6390.56982421875,-400000.0625,-7244.16015625,-400000.0625
187.16273188591003,-400000.0625,-10777.669921875,-5618.2900390625,-400000.0625,-6374.8798828125,-400000.0625,-7234.669921875,-400000.0625
187.16273760795593,-400000.0625,-10746.099609375,-5584.2900390625,-400000.0625,-6339.60009765625,-400000.0625,-7203.81982421875,-400000.0625
187.16274309158325,-400000.0625,-10736.509765625,-5573.31982421875,-400000.0625,-6327.2001953125,-400000.0625,-7196.81005859375,-400000.0625
187.16274905204773,-400000.0625,-10764.5498046875,-5606.7998046875,-400000.0625,-6355.759765625,-400000.0625,-7223.89013671875,-400000.0625
187.16275572776794,-400000.0625,-10787.6796875,-5631.39990234375,-400000.0625,-6381.56005859375,-400000.0625,-7248.259765625,-400000.0625
187.16276144981384,-400000.0625,-10778.8095703125,-5620.10009765625,-400000.0625,-6377.7900390625,-400000.0625,-7234.0498046875,-400000.0625
187.16276693344116,-400000.0625,-10747.669921875,-5585.43017578125,-400000.0625,-6346.85009765625,-400000.0625,-7205.10986328125,-400000.0625
187.16277241706848,-400000.0625,-10736.419921875,-5573.1298828125,-400000.0625,-6328.6298828125,-400000.0625,-7194.81005859375,-400000.0625
187.16277837753296,-400000.0625,-10768.41015625,-5605.75,-400000.0625,-6359.2001953125,-400000.0625,-7220.22021484375,-400000.0625
187.16278386116028,-400000.0625,-10793.16015625,-5632.58984375,-400000.0625,-6385.990234375,-400000.0625,-7245.259765625,-400000.0625
187.16278958320618,-400000.0625,-10780.3798828125,-5621.77001953125,-400000.0625,-6374.64990234375,-400000.0625,-7232.6201171875,-400000.0625
187.16279578208923,-400000.0625,-10749.6796875,-5587.14990234375,-400000.0625,-6344.1298828125,-400000.0625,-7199.0498046875,-400000.0625
187.16280126571655,-400000.0625,-10735.23046875,-5572.1298828125,-400000.0625,-6332.02001953125,-400000.0625,-7190.0400390625,-400000.0625
187.16280674934387,-400000.0625,-10763.41015625,-5605.4599609375,-400000.0625,-6362.39013671875,-400000.0625,-7215.259765625,-400000.0625
187.1628119945526,-400000.0625,-10788.7802734375,-5636.06982421875,-400000.0625,-6396.9599609375,-400000.0625,-7242.97021484375,-400000.0625
187.16281747817993,-400000.0625,-10781.150390625,-5621.6201171875,-400000.0625,-6381.7998046875,-400000.0625,-7230.9501953125,-400000.0625
187.16282486915588,-400000.0625,-10747.5302734375,-5587.10009765625,-400000.0625,-6340.31005859375,-400000.0625,-7201.72021484375,-400000.0625
187.16283059120178,-400000.0625,-10737.1298828125,-5575.60986328125,-400000.0625,-6330.009765625,-400000.0625,-7192.89990234375,-400000.0625
187.16283631324768,-400000.0625,-10768.6103515625,-5608.89013671875,-400000.0625,-6361.68017578125,-400000.0625,-7219.740234375,-400000.0625
187.16284227371216,-400000.0625,-10793.01953125,-5635.68994140625,-400000.0625,-6382.0400390625,-400000.0625,-7242.16015625,-400000.0625
187.16284799575806,-400000.0625,-10783.580078125,-5623.6298828125,-400000.0625,-6368.06982421875,-400000.0625,-7235.0,-400000.0625
187.16285347938538,-400000.0625,-10750.7197265625,-5586.77001953125,-400000.0625,-6342.02978515625,-400000.0625,-7204.81982421875,-400000.0625
187.16285943984985,-400000.0625,-10736.7099609375,-5572.990234375,-400000.0625,-6331.06005859375,-400000.0625,-7192.0400390625,-400000.0625
187.16286540031433,-400000.0625,-10763.1201171875,-5601.83984375,-400000.0625,-6360.580078125,-400000.0625,-7214.5,-400000.0625
187.16287088394165,-400000.0625,-10786.4404296875,-5627.43994140625,-400000.0625,-6389.14013671875,-400000.0625,-7240.580078125,-400000.0625
187.1628770828247,-400000.0625,-10780.6201171875,-5618.56982421875,-400000.0625,-6378.41015625,-400000.0625,-7231.330078125,-400000.0625
187.16288352012634,-400000.0625,-10749.6298828125,-5586.91015625,-400000.0625,-6344.27001953125,-400000.0625,-7203.14990234375,-400000.0625
187.16288948059082,-400000.0625,-10734.75,-5575.3701171875,-400000.0625,-6332.259765625,-400000.0625,-7191.990234375,-400000.0625
187.16289520263672,-400000.0625,-10764.7900390625,-5610.89990234375,-400000.0625,-6359.9599609375,-400000.0625,-7219.64990234375,-400000.0625
187.16290092468262,-400000.0625,-10793.5,-5637.4599609375,-400000.0625,-6386.14013671875,-400000.0625,-7244.919921875,-400000.0625
187.16290664672852,-400000.0625,-10781.240234375,-5624.25,-400000.0625,-6380.7001953125,-400000.0625,-7237.2900390625,-400000.0625
187.1629123687744,-400000.0625,-10752.580078125,-5593.35009765625,-400000.0625,-6349.52001953125,-400000.0625,-7209.10986328125,-400000.0625
187.16291785240173,-400000.0625,-10741.759765625,-5582.56982421875,-400000.0625,-6337.7900390625,-400000.0625,-7196.43017578125,-400000.0625
187.16292333602905,-400000.0625,-10765.7900390625,-5610.419921875,-400000.0625,-6360.669921875,-400000.0625,-7222.18017578125,-400000.0625
187.16292929649353,-400000.0625,-10793.2099609375,-5636.8798828125,-400000.0625,-6386.14013671875,-400000.0625,-7249.4501953125,-400000.0625
187.16293478012085,-400000.0625,-10779.0,-5623.47998046875,-400000.0625,-6375.7900390625,-400000.0625,-7241.81982421875,-400000.0625
187.16294026374817,-400000.0625,-10746.2900390625,-5592.06005859375,-400000.0625,-6342.5498046875,-400000.0625,-7212.93017578125,-400000.0625
187.16294598579407,-400000.0625,-10738.08984375,-5584.81005859375,-400000.0625,-6329.97021484375,-400000.0625,-7198.91015625,-400000.0625
187.1629548072815,-400000.0625,-10768.8896484375,-5616.6201171875,-400000.0625,-6362.14990234375,-400000.0625,-7224.1298828125,-400000.0625
187.16296315193176,-400000.0625,-10799.26953125,-5643.080078125,-400000.0625,-6392.18994140625,-400000.0625,-7253.4599609375,-400000.0625
187.16296935081482,-400000.0625,-10787.6298828125,-5627.97021484375,-400000.0625,-6377.080078125,-400000.0625,-7241.2001953125,-400000.0625
187.16297507286072,-400000.0625,-10751.919921875,-5594.43994140625,-400000.0625,-6340.97998046875,-400000.0625,-7211.77978515625,-400000.0625
187.16298079490662,-400000.0625,-10739.51953125,-5582.91015625,-400000.0625,-6334.58984375,-400000.0625,-7200.77001953125,-400000.0625
187.1629867553711,-400000.0625,-10770.66015625,-5616.52001953125,-400000.0625,-6369.5400390625,-400000.0625,-7227.759765625,-400000.0625
187.16299271583557,-400000.0625,-10798.3603515625,-5643.080078125,-400000.0625,-6398.33984375,-400000.0625,-7251.06982421875,-400000.0625
187.16299867630005,-400000.0625,-10788.1103515625,-5631.97021484375,-400000.0625,-6384.66015625,-400000.0625,-7240.490234375,-400000.0625
187.16300463676453,-400000.0625,-10754.5400390625,-5601.68994140625,-400000.0625,-6350.66015625,-400000.0625,-7212.06982421875,-400000.0625
187.16301083564758,-400000.0625,-10744.5703125,-5591.77001953125,-400000.0625,-6341.7900390625,-400000.0625,-7201.85986328125,-400000.0625
187.16301608085632,-400000.0625,-10772.2802734375,-5617.81005859375,-400000.0625,-6370.64013671875,-400000.0625,-7224.60986328125,-400000.0625
187.1630220413208,-400000.0625,-10794.740234375,-5642.89013671875,-400000.0625,-6400.77978515625,-400000.0625,-7247.5,-400000.0625
187.1630277633667,-400000.0625,-10783.33984375,-5630.490234375,-400000.0625,-6384.330078125,-400000.0625,-7238.43994140625,-400000.0625
187.16303396224976,-400000.0625,-10751.1103515625,-5596.06982421875,-400000.0625,-6343.1298828125,-400000.0625,-7207.72998046875,-400000.0625
187.16378545761108,-400000.0625,-10743.51953125,-5585.9599609375,-400000.0625,-6329.81982421875,-400000.0625,-7197.0,-400000.0625
187.16383814811707,-400000.0625,-10771.1796875,-5632.68994140625,-400000.0625,-6376.5498046875,-400000.0625,-7250.1201171875,-400000.0625
187.16385221481323,-400000.0625,-10792.16015625,-5656.2001953125,-400000.0625,-6404.2099609375,-400000.0625,-7273.52978515625,-400000.0625
187.16385889053345,-400000.0625,-10779.330078125,-5641.169921875,-400000.0625,-6392.47998046875,-400000.0625,-7255.4599609375,-400000.0625
187.16386532783508,-400000.0625,-10747.4296875,-5602.68994140625,-400000.0625,-6350.56982421875,-400000.0625,-7225.66015625,-400000.0625
187.16387128829956,-400000.0625,-10741.759765625,-5594.64013671875,-400000.0625,-6342.83984375,-400000.0625,-7219.35986328125,-400000.0625
187.1638777256012,-400000.0625,-10774.6103515625,-5629.16015625,-400000.0625,-6383.3701171875,-400000.0625,-7245.02001953125,-400000.0625
187.16388392448425,-400000.0625,-10792.9697265625,-5655.47998046875,-400000.0625,-6407.4501953125,-400000.0625,-7269.18994140625,-400000.0625
187.1638901233673,-400000.0625,-10773.7998046875,-5640.02978515625,-400000.0625,-6390.669921875,-400000.0625,-7260.66015625,-400000.0625
187.1638960838318,-400000.0625,-10745.48046875,-5604.740234375,-400000.0625,-6356.56982421875,-400000.0625,-7228.66015625,-400000.0625
187.16390204429626,-400000.0625,-10739.6103515625,-5593.77978515625,-400000.0625,-6348.0400390625,-400000.0625,-7219.4599609375,-400000.0625
187.1639084815979,-400000.0625,-10766.7001953125,-5627.009765625,-400000.0625,-6379.64990234375,-400000.0625,-7249.31005859375,-400000.0625
187.16391444206238,-400000.0625,-10791.349609375,-5651.7099609375,-400000.0625,-6401.72998046875,-400000.0625,-7273.10009765625,-400000.0625
187.1639199256897,-400000.0625,-10778.48046875,-5635.97998046875,-400000.0625,-6387.89990234375,-400000.0625,-7257.64990234375,-400000.0625
187.16392612457275,-400000.0625,-10746.0498046875,-5602.64990234375,-400000.0625,-6354.759765625,-400000.0625,-7225.56005859375,-400000.0625
187.1639323234558,-400000.0625,-10739.849609375,-5595.2099609375,-400000.0625,-6348.1298828125,-400000.0625,-7220.1298828125,-400000.0625
187.16393876075745,-400000.0625,-10767.8896484375,-5627.5400390625,-400000.0625,-6374.5498046875,-400000.0625,-7250.64013671875,-400000.0625
187.1639449596405,-400000.0625,-10794.349609375,-5653.91015625,-400000.0625,-6401.830078125,-400000.0625,-7273.9599609375,-400000.0625
187.1639633178711,-400000.0625,-10779.8095703125,-5636.5,-400000.0625,-6386.14013671875,-400000.0625,-7258.7001953125,-400000.0625
187.16396927833557,-400000.0625,-10744.759765625,-5599.06982421875,-400000.0625,-6350.330078125,-400000.0625,-7227.47021484375,-400000.0625
187.16397500038147,-400000.0625,-10736.7998046875,-5592.8701171875,-400000.0625,-6345.4599609375,-400000.0625,-7220.83984375,-400000.0625
187.16398119926453,-400000.0625,-10767.0302734375,-5625.009765625,-400000.0625,-6380.56005859375,-400000.0625,-7247.16015625,-400000.0625
187.16398692131042,-400000.0625,-10790.400390625,-5648.89990234375,-400000.0625,-6402.4501953125,-400000.0625,-7272.85986328125,-400000.0625
187.1639928817749,-400000.0625,-10779.0,-5637.35986328125,-400000.0625,-6388.52001953125,-400000.0625,-7258.75,-400000.0625
187.16399884223938,-400000.0625,-10751.919921875,-5604.93994140625,-400000.0625,-6357.240234375,-400000.0625,-7228.3798828125,-400000.0625
187.16400480270386,-400000.0625,-10742.900390625,-5598.97021484375,-400000.0625,-6343.83984375,-400000.0625,-7221.990234375,-400000.0625
187.1640110015869,-400000.0625,-10772.75,-5630.02001953125,-400000.0625,-6372.93017578125,-400000.0625,-7251.06982421875,-400000.0625
187.1640167236328,-400000.0625,-10795.6396484375,-5655.72021484375,-400000.0625,-6400.97021484375,-400000.0625,-7271.39013671875,-400000.0625
187.16402220726013,-400000.0625,-10780.8603515625,-5638.5,-400000.0625,-6388.52001953125,-400000.0625,-7258.31982421875,-400000.0625
187.16402792930603,-400000.0625,-10751.0595703125,-5603.35986328125,-400000.0625,-6358.669921875,-400000.0625,-7229.759765625,-400000.0625
187.16403341293335,-400000.0625,-10744.8603515625,-5594.919921875,-400000.0625,-6348.22998046875,-400000.0625,-7220.7001953125,-400000.0625
187.16403937339783,-400000.0625,-10772.2802734375,-5625.81982421875,-400000.0625,-6378.93994140625,-400000.0625,-7247.02001953125,-400000.0625
187.16404581069946,-400000.0625,-10794.9697265625,-5653.72021484375,-400000.0625,-6403.68994140625,-400000.0625,-7269.0,-400000.0625
187.16405153274536,-400000.0625,-10781.1904296875,-5639.27001953125,-400000.0625,-6382.31982421875,-400000.0625,-7255.31982421875,-400000.0625
187.16405773162842,-400000.0625,-10746.8603515625,-5604.080078125,-400000.0625,-6347.56005859375,-400000.0625,-7224.89013671875,-400000.0625
187.16406345367432,-400000.0625,-10740.7099609375,-5596.72998046875,-400000.0625,-6342.75,-400000.0625,-7216.97998046875,-400000.0625
187.16406893730164,-400000.0625,-10770.849609375,-5630.2099609375,-400000.0625,-6377.7001953125,-400000.0625,-7245.06005859375,-400000.0625
187.1640748977661,-400000.0625,-10797.0703125,-5653.6201171875,-400000.0625,-6399.490234375,-400000.0625,-7270.10009765625,-400000.0625
187.16408038139343,-400000.0625,-10784.099609375,-5636.8798828125,-400000.0625,-6379.7998046875,-400000.0625,-7258.990234375,-400000.0625
187.16408586502075,-400000.0625,-10749.8701171875,-5602.8798828125,-400000.0625,-6351.81005859375,-400000.0625,-7231.81005859375,-400000.0625
187.1640920639038,-400000.0625,-10748.48046875,-5596.830078125,-400000.0625,-6346.27001953125,-400000.0625,-7225.31982421875,-400000.0625
187.16409754753113,-400000.0625,-10780.8603515625,-5627.8701171875,-400000.0625,-6373.41015625,-400000.0625,-7252.35986328125,-400000.0625
187.16410303115845,-400000.0625,-10798.169921875,-5652.6201171875,-400000.0625,-6399.2001953125,-400000.0625,-7277.06005859375,-400000.0625
187.16410875320435,-400000.0625,-10776.08984375,-5633.16015625,-400000.0625,-6382.56005859375,-400000.0625,-7262.419921875,-400000.0625
187.1641173362732,-400000.0625,-10748.4404296875,-5600.5498046875,-400000.0625,-6351.419921875,-400000.0625,-7231.18994140625,-400000.0625
187.16412377357483,-400000.0625,-10746.2900390625,-5593.919921875,-400000.0625,-6342.89013671875,-400000.0625,-7226.990234375,-400000.0625
187.16412925720215,-400000.0625,-10775.66015625,-5625.72998046875,-400000.0625,-6370.02001953125,-400000.0625,-7259.990234375,-400000.0625
187.16413521766663,-400000.0625,-10799.3603515625,-5651.89990234375,-400000.0625,-6391.47998046875,-400000.0625,-7283.58984375,-400000.0625
187.1641411781311,-400000.0625,-10782.8603515625,-5630.77978515625,-400000.0625,-6371.68994140625,-400000.0625,-7268.759765625,-400000.0625
187.164146900177,-400000.0625,-10752.4404296875,-5598.64013671875,-400000.0625,-6345.93994140625,-400000.0625,-7238.77001953125,-400000.0625
187.1641526222229,-400000.0625,-10744.9501953125,-5592.16015625,-400000.0625,-6343.56005859375,-400000.0625,-7230.7099609375,-400000.0625
187.16415929794312,-400000.0625,-10767.3203125,-5624.10009765625,-400000.0625,-6369.830078125,-400000.0625,-7261.0400390625,-400000.0625
187.1641652584076,-400000.0625,-10794.58984375,-5648.56982421875,-400000.0625,-6391.18994140625,-400000.0625,-7281.5400390625,-400000.0625
187.16417121887207,-400000.0625,-10779.669921875,-5633.77978515625,-400000.0625,-6380.31982421875,-400000.0625,-7269.43017578125,-400000.0625
187.1641776561737,-400000.0625,-10746.76953125,-5600.41015625,-400000.0625,-6347.419921875,-400000.0625,-7240.9599609375,-400000.0625
187.16418313980103,-400000.0625,-10743.6201171875,-5594.35009765625,-400000.0625,-6337.35986328125,-400000.0625,-7238.39013671875,-400000.0625
187.1641891002655,-400000.0625,-10777.08984375,-5625.919921875,-400000.0625,-6371.4501953125,-400000.0625,-7268.72021484375,-400000.0625
187.16419506072998,-400000.0625,-10804.3701171875,-5655.0,-400000.0625,-6399.919921875,-400000.0625,-7287.5498046875,-400000.0625
187.1642005443573,-400000.0625,-10786.8701171875,-5637.5,-400000.0625,-6378.3701171875,-400000.0625,-7273.33984375,-400000.0625
187.16420650482178,-400000.0625,-10754.2099609375,-5600.7900390625,-400000.0625,-6342.75,-400000.0625,-7244.06005859375,-400000.0625
187.16421246528625,-400000.0625,-10746.48046875,-5592.77978515625,-400000.0625,-6339.64990234375,-400000.0625,-7235.0,-400000.0625
187.16421794891357,-400000.0625,-10773.9501953125,-5623.52978515625,-400000.0625,-6369.2099609375,-400000.0625,-7262.330078125,-400000.0625
187.16422390937805,-400000.0625,-10795.5,-5644.85009765625,-400000.0625,-6394.47998046875,-400000.0625,-7285.2099609375,-400000.0625
187.16422963142395,-400000.0625,-10784.4404296875,-5631.2998046875,-400000.0625,-6377.509765625,-400000.0625,-7271.14990234375,-400000.0625
187.16423559188843,-400000.0625,-10753.6796875,-5599.1201171875,-400000.0625,-6340.27001953125,-400000.0625,-7241.77001953125,-400000.0625
187.16424179077148,-400000.0625,-10745.6201171875,-5591.97021484375,-400000.0625,-6334.97021484375,-400000.0625,-7235.10009765625,-400000.0625
187.16424775123596,-400000.0625,-10778.5703125,-5628.10986328125,-400000.0625,-6370.5,-400000.0625,-7263.419921875,-400000.0625
187.16425371170044,-400000.0625,-10804.75,-5655.10009765625,-400000.0625,-6397.43994140625,-400000.0625,-7284.39990234375,-400000.0625
187.16425943374634,-400000.0625,-10787.4404296875,-5637.169921875,-400000.0625,-6381.66015625,-400000.0625,-7271.39013671875,-400000.0625
187.1642656326294,-400000.0625,-10755.01953125,-5604.4599609375,-400000.0625,-6346.7998046875,-400000.0625,-7245.830078125,-400000.0625
187.16427159309387,-400000.0625,-10747.2001953125,-5593.68017578125,-400000.0625,-6338.64013671875,-400000.0625,-7241.97021484375,-400000.0625
187.16427731513977,-400000.0625,-10777.330078125,-5628.39990234375,-400000.0625,-6368.490234375,-400000.0625,-7267.7099609375,-400000.0625
187.16428303718567,-400000.0625,-10796.599609375,-5650.81005859375,-400000.0625,-6394.43017578125,-400000.0625,-7285.4501953125,-400000.0625
187.16428923606873,-400000.0625,-10779.48046875,-5631.8798828125,-400000.0625,-6375.41015625,-400000.0625,-7269.33984375,-400000.0625
187.16429471969604,-400000.0625,-10748.91015625,-5597.39990234375,-400000.0625,-6341.27001953125,-400000.0625,-7239.25,-400000.0625
187.16430044174194,-400000.0625,-10743.48046875,-5588.25,-400000.0625,-6331.64013671875,-400000.0625,-7232.2900390625,-400000.0625
187.16430640220642,-400000.0625,-10775.23046875,-5622.0498046875,-400000.0625,-6366.68017578125,-400000.0625,-7260.56005859375,-400000.0625
187.16431188583374,-400000.0625,-10797.7900390625,-5646.27978515625,-400000.0625,-6393.6201171875,-400000.0625,-7282.31005859375,-400000.0625
187.1643180847168,-400000.0625,-10784.7197265625,-5630.39990234375,-400000.0625,-6380.1298828125,-400000.0625,-7271.14990234375,-400000.0625
187.16432452201843,-400000.0625,-10751.580078125,-5596.58984375,-400000.0625,-6344.3701171875,-400000.0625,-7240.490234375,-400000.0625
187.1643304824829,-400000.0625,-10743.4296875,-5589.580078125,-400000.0625,-6336.97998046875,-400000.0625,-7236.9599609375,-400000.0625
187.1643362045288,-400000.0625,-10772.2802734375,-5620.18994140625,-400000.0625,-6366.58984375,-400000.0625,-7266.240234375,-400000.0625
187.16434240341187,-400000.0625,-10796.5,-5648.7998046875,-400000.0625,-6388.14013671875,-400000.0625,-7287.06982421875,-400000.0625
187.1643488407135,-400000.0625,-10785.6298828125,-5634.259765625,-400000.0625,-6375.1201171875,-400000.0625,-7274.14990234375,-400000.0625
187.16435503959656,-400000.0625,-10754.25,-5599.5,-400000.0625,-6343.080078125,-400000.0625,-7247.5400390625,-400000.0625
187.16436123847961,-400000.0625,-10748.099609375,-5592.35009765625,-400000.0625,-6335.06982421875,-400000.0625,-7243.81982421875,-400000.0625
187.16436672210693,-400000.0625,-10778.51953125,-5626.009765625,-400000.0625,-6369.10986328125,-400000.0625,-7273.0498046875,-400000.0625
187.1643726825714,-400000.0625,-10797.3095703125,-5648.7998046875,-400000.0625,-6390.6201171875,-400000.0625,-7296.0400390625,-400000.0625
187.16437816619873,-400000.0625,-10784.25,-5631.16015625,-400000.0625,-6371.31005859375,-400000.0625,-7280.5400390625,-400000.0625
187.1643843650818,-400000.0625,-10753.58984375,-5601.97998046875,-400000.0625,-6341.27001953125,-400000.0625,-7249.58984375,-400000.0625
187.16439032554626,-400000.0625,-10746.669921875,-5595.830078125,-400000.0625,-6337.02001953125,-400000.0625,-7240.72998046875,-400000.0625
187.16439652442932,-400000.0625,-10783.009765625,-5627.16015625,-400000.0625,-6368.02001953125,-400000.0625,-7271.14990234375,-400000.0625
187.16440224647522,-400000.0625,-10805.5595703125,-5650.18994140625,-400000.0625,-6391.18994140625,-400000.0625,-7296.18017578125,-400000.0625
187.16440844535828,-400000.0625,-10785.6298828125,-5633.64013671875,-400000.0625,-6373.93017578125,-400000.0625,-7280.64013671875,-400000.0625
187.1644148826599,-400000.0625,-10750.76953125,-5596.68994140625,-400000.0625,-6340.93017578125,-400000.0625,-7250.02001953125,-400000.0625
187.16442155838013,-400000.0625,-10745.0,-5586.81982421875,-400000.0625,-6334.5,-400000.0625,-7239.68017578125,-400000.0625
187.16442799568176,-400000.0625,-10778.3798828125,-5623.8701171875,-400000.0625,-6366.35009765625,-400000.0625,-7268.2900390625,-400000.0625
187.16443490982056,-400000.0625,-10798.650390625,-5649.85009765625,-400000.0625,-6387.0400390625,-400000.0625,-7292.4599609375,-400000.0625
187.16444158554077,-400000.0625,-10784.099609375,-5631.830078125,-400000.0625,-6368.10986328125,-400000.0625,-7276.35009765625,-400000.0625
187.16444873809814,-400000.0625,-10754.7802734375,-5596.02001953125,-400000.0625,-6335.1201171875,-400000.0625,-7248.5498046875,-400000.0625
187.16445517539978,-400000.0625,-10745.91015625,-5589.68017578125,-400000.0625,-6328.68017578125,-400000.0625,-7242.8701171875,-400000.0625
187.16446232795715,-400000.0625,-10773.849609375,-5624.580078125,-400000.0625,-6367.72998046875,-400000.0625,-7270.52978515625,-400000.0625
187.16446948051453,-400000.0625,-10800.8896484375,-5650.08984375,-400000.0625,-6393.85986328125,-400000.0625,-7291.02978515625,-400000.0625
187.16447591781616,-400000.0625,-10781.1904296875,-5627.72998046875,-400000.0625,-6371.830078125,-400000.0625,-7275.68017578125,-400000.0625
187.16448211669922,-400000.0625,-10747.4296875,-5592.77978515625,-400000.0625,-6340.7001953125,-400000.0625,-7247.02001953125,-400000.0625
187.164489030838,-400000.0625,-10743.759765625,-5585.91015625,-400000.0625,-6333.919921875,-400000.0625,-7236.580078125,-400000.0625
187.16449618339539,-400000.0625,-10776.6201171875,-5621.0,-400000.0625,-6365.8701171875,-400000.0625,-7264.18994140625,-400000.0625
187.16450357437134,-400000.0625,-10795.7900390625,-5643.7001953125,-400000.0625,-6388.27978515625,-400000.0625,-7283.58984375,-400000.0625
187.16451001167297,-400000.0625,-10781.7197265625,-5628.2099609375,-400000.0625,-6369.16015625,-400000.0625,-7268.91015625,-400000.0625
187.16451716423035,-400000.0625,-10750.9599609375,-5598.5,-400000.0625,-6342.7001953125,-400000.0625,-7243.10986328125,-400000.0625
187.16452383995056,-400000.0625,-10743.0498046875,-5590.33984375,-400000.0625,-6334.97021484375,-400000.0625,-7236.580078125,-400000.0625
187.16453051567078,-400000.0625,-10777.900390625,-5624.68017578125,-400000.0625,-6363.490234375,-400000.0625,-7263.27978515625,-400000.0625
187.16453671455383,-400000.0625,-10804.1298828125,-5649.0400390625,-400000.0625,-6390.47998046875,-400000.0625,-7285.64013671875,-400000.0625
187.1645429134369,-400000.0625,-10786.33984375,-5633.31005859375,-400000.0625,-6375.5,-400000.0625,-7273.0498046875,-400000.0625
187.16454935073853,-400000.0625,-10752.009765625,-5596.39990234375,-400000.0625,-6344.64990234375,-400000.0625,-7245.2998046875,-400000.0625
187.16455626487732,-400000.0625,-10746.76953125,-5590.2001953125,-400000.0625,-6338.5498046875,-400000.0625,-7239.2001953125,-400000.0625
187.1645631790161,-400000.0625,-10778.0498046875,-5626.97021484375,-400000.0625,-6369.31005859375,-400000.0625,-7267.6201171875,-400000.0625
187.16457080841064,-400000.0625,-10803.8896484375,-5652.759765625,-400000.0625,-6390.47998046875,-400000.0625,-7290.89013671875,-400000.0625
187.16457724571228,-400000.0625,-10786.6298828125,-5633.39990234375,-400000.0625,-6372.06982421875,-400000.0625,-7280.16015625,-400000.0625
187.1645839214325,-400000.0625,-10750.25,-5597.77978515625,-400000.0625,-6341.89013671875,-400000.0625,-7248.97021484375,-400000.0625
187.16459035873413,-400000.0625,-10748.9599609375,-5591.35009765625,-400000.0625,-6333.830078125,-400000.0625,-7243.25,-400000.0625
187.16459679603577,-400000.0625,-10779.3798828125,-5624.14990234375,-400000.0625,-6366.77978515625,-400000.0625,-7272.33984375,-400000.0625
187.1646032333374,-400000.0625,-10798.7900390625,-5645.66015625,-400000.0625,-6388.89990234375,-400000.0625,-7294.1298828125,-400000.0625
187.16460967063904,-400000.0625,-10787.1103515625,-5629.2099609375,-400000.0625,-6371.58984375,-400000.0625,-7280.4501953125,-400000.0625
187.16461730003357,-400000.0625,-10756.4501953125,-5595.64013671875,-400000.0625,-6339.259765625,-400000.0625,-7250.64013671875,-400000.0625
187.1646237373352,-400000.0625,-10747.3896484375,-5591.06005859375,-400000.0625,-6331.02001953125,-400000.0625,-7245.16015625,-400000.0625
187.164630651474,-400000.0625,-10778.3798828125,-5624.25,-400000.0625,-6356.3798828125,-400000.0625,-7275.43994140625,-400000.0625
187.16463780403137,-400000.0625,-10805.7998046875,-5650.47021484375,-400000.0625,-6383.75,-400000.0625,-7297.9501953125,-400000.0625
187.164644241333,-400000.0625,-10790.1103515625,-5635.169921875,-400000.0625,-6373.259765625,-400000.0625,-7282.4501953125,-400000.0625
187.1646511554718,-400000.0625,-10755.8701171875,-5597.68994140625,-400000.0625,-6340.5,-400000.0625,-7253.97998046875,-400000.0625
187.16465854644775,-400000.0625,-10750.76953125,-5591.06005859375,-400000.0625,-6337.1201171875,-400000.0625,-7245.58984375,-400000.0625
187.1646649837494,-400000.0625,-10782.2900390625,-5627.5400390625,-400000.0625,-6369.8798828125,-400000.0625,-7276.009765625,-400000.0625
187.1646740436554,-400000.0625,-10806.419921875,-5652.56982421875,-400000.0625,-6388.43017578125,-400000.0625,-7297.7099609375,-400000.0625
187.1646807193756,-400000.0625,-10793.400390625,-5638.41015625,-400000.0625,-6370.4501953125,-400000.0625,-7284.68994140625,-400000.0625
187.16468787193298,-400000.0625,-10760.830078125,-5605.64990234375,-400000.0625,-6341.080078125,-400000.0625,-7254.7001953125,-400000.0625
187.1646945476532,-400000.0625,-10754.0595703125,-5597.5400390625,-400000.0625,-6333.919921875,-400000.0625,-7248.5,-400000.0625
187.16470098495483,-400000.0625,-10784.580078125,-5628.009765625,-400000.0625,-6368.16015625,-400000.0625,-7274.9599609375,-400000.0625
187.16470766067505,-400000.0625,-10807.1298828125,-5652.3798828125,-400000.0625,-6391.0,-400000.0625,-7293.27001953125,-400000.0625
187.16471576690674,-400000.0625,-10792.5400390625,-5637.35986328125,-400000.0625,-6371.77978515625,-400000.0625,-7280.259765625,-400000.0625
187.164724111557,-400000.0625,-10760.7900390625,-5604.080078125,-400000.0625,-6337.97998046875,-400000.0625,-7251.97998046875,-400000.0625
187.1647310256958,-400000.0625,-10755.6396484375,-5598.35986328125,-400000.0625,-6338.68994140625,-400000.0625,-7246.58984375,-400000.0625
187.16473722457886,-400000.0625,-10787.3896484375,-5632.93017578125,-400000.0625,-6372.259765625,-400000.0625,-7274.91015625,-400000.0625
187.1647434234619,-400000.0625,-10810.23046875,-5659.2900390625,-400000.0625,-6397.33984375,-400000.0625,-7295.22998046875,-400000.0625
187.1647505760193,-400000.0625,-10801.98046875,-5643.419921875,-400000.0625,-6379.56005859375,-400000.0625,-7280.830078125,-400000.0625
187.16475820541382,-400000.0625,-10770.66015625,-5606.509765625,-400000.0625,-6343.89013671875,-400000.0625,-7249.31005859375,-400000.0625
187.16476488113403,-400000.0625,-10759.6396484375,-5599.740234375,-400000.0625,-6336.02001953125,-400000.0625,-7242.97021484375,-400000.0625
187.16477155685425,-400000.0625,-10786.4404296875,-5632.58984375,-400000.0625,-6369.02001953125,-400000.0625,-7274.2001953125,-400000.0625
187.16477942466736,-400000.0625,-10810.66015625,-5656.669921875,-400000.0625,-6394.33984375,-400000.0625,-7293.93994140625,-400000.0625
187.16478633880615,-400000.0625,-10796.599609375,-5641.02978515625,-400000.0625,-6381.1298828125,-400000.0625,-7279.06005859375,-400000.0625
187.16479396820068,-400000.0625,-10761.2099609375,-5600.60009765625,-400000.0625,-6343.27001953125,-400000.0625,-7247.72998046875,-400000.0625
187.16480040550232,-400000.0625,-10754.2099609375,-5596.64013671875,-400000.0625,-6339.06982421875,-400000.0625,-7241.2001953125,-400000.0625
187.16480684280396,-400000.0625,-10789.0595703125,-5630.68017578125,-400000.0625,-6371.31005859375,-400000.0625,-7273.47998046875,-400000.0625
187.16481351852417,-400000.0625,-10809.7099609375,-5649.6201171875,-400000.0625,-6392.18994140625,-400000.0625,-7298.0400390625,-400000.0625
187.16482067108154,-400000.0625,-10792.2099609375,-5635.97998046875,-400000.0625,-6375.169921875,-400000.0625,-7280.16015625,-400000.0625
187.16482710838318,-400000.0625,-10763.740234375,-5604.35986328125,-400000.0625,-6342.5498046875,-400000.0625,-7250.64013671875,-400000.0625
187.1648337841034,-400000.0625,-10753.25,-5595.259765625,-400000.0625,-6335.16015625,-400000.0625,-7247.06982421875,-400000.0625
187.1648404598236,-400000.0625,-10790.6796875,-5631.39990234375,-400000.0625,-6368.97021484375,-400000.0625,-7273.14990234375,-400000.0625
187.16484689712524,-400000.0625,-10812.8603515625,-5656.10009765625,-400000.0625,-6395.43994140625,-400000.0625,-7296.85009765625,-400000.0625
187.16485357284546,-400000.0625,-10797.1201171875,-5640.509765625,-400000.0625,-6378.3701171875,-400000.0625,-7281.97021484375,-400000.0625
187.16486024856567,-400000.0625,-10766.5595703125,-5604.5498046875,-400000.0625,-6341.27001953125,-400000.0625,-7250.740234375,-400000.0625
187.16486716270447,-400000.0625,-10758.58984375,-5597.4501953125,-400000.0625,-6335.5498046875,-400000.0625,-7245.97021484375,-400000.0625
187.16487383842468,-400000.0625,-10790.0595703125,-5632.02001953125,-400000.0625,-6368.72998046875,-400000.0625,-7277.35009765625,-400000.0625
187.1648805141449,-400000.0625,-10808.5595703125,-5654.85986328125,-400000.0625,-6391.3798828125,-400000.0625,-7298.0400390625,-400000.0625
187.16488671302795,-400000.0625,-10793.5400390625,-5635.4501953125,-400000.0625,-6376.22021484375,-400000.0625,-7281.8798828125,-400000.0625
187.16489267349243,-400000.0625,-10761.2099609375,-5600.7900390625,-400000.0625,-6345.60986328125,-400000.0625,-7250.60009765625,-400000.0625
187.16489934921265,-400000.0625,-10754.6298828125,-5594.16015625,-400000.0625,-6335.5498046875,-400000.0625,-7244.64013671875,-400000.0625
187.16490578651428,-400000.0625,-10787.150390625,-5628.6298828125,-400000.0625,-6370.02001953125,-400000.0625,-7272.6298828125,-400000.0625
187.16491174697876,-400000.0625,-10811.8095703125,-5656.2001953125,-400000.0625,-6395.72021484375,-400000.0625,-7293.7001953125,-400000.0625
187.1649181842804,-400000.0625,-10797.83984375,-5640.31982421875,-400000.0625,-6375.89013671875,-400000.0625,-7282.35009765625,-400000.0625
187.16492462158203,-400000.0625,-10771.23046875,-5604.5498046875,-400000.0625,-6348.89990234375,-400000.0625,-7252.31005859375,-400000.0625
187.1649308204651,-400000.0625,-10763.1201171875,-5596.64013671875,-400000.0625,-6345.31982421875,-400000.0625,-7246.68994140625,-400000.0625
187.164936542511,-400000.0625,-10794.01953125,-5632.06982421875,-400000.0625,-6375.740234375,-400000.0625,-7274.91015625,-400000.0625
187.1649467945099,-400000.0625,-10818.5302734375,-5654.6201171875,-400000.0625,-6396.14990234375,-400000.0625,-7297.330078125,-400000.0625
187.1649534702301,-400000.0625,-10801.3203125,-5634.06982421875,-400000.0625,-6375.1201171875,-400000.0625,-7284.93017578125,-400000.0625
187.16495990753174,-400000.0625,-10767.5595703125,-5599.93017578125,-400000.0625,-6341.02978515625,-400000.0625,-7257.509765625,-400000.0625
187.16496562957764,-400000.0625,-10763.9296875,-5596.68994140625,-400000.0625,-6336.169921875,-400000.0625,-7252.259765625,-400000.0625
187.16497135162354,-400000.0625,-10796.169921875,-5628.77978515625,-400000.0625,-6368.58984375,-400000.0625,-7280.4501953125,-400000.0625
187.16497778892517,-400000.0625,-10821.33984375,-5654.81005859375,-400000.0625,-6394.0498046875,-400000.0625,-7304.56982421875,-400000.0625
187.16498446464539,-400000.0625,-10805.080078125,-5636.8798828125,-400000.0625,-6381.0400390625,-400000.0625,-7291.7900390625,-400000.0625
187.16499042510986,-400000.0625,-10770.26953125,-5601.06982421875,-400000.0625,-6345.85009765625,-400000.0625,-7259.509765625,-400000.0625
187.16499614715576,-400000.0625,-10761.599609375,-5592.77978515625,-400000.0625,-6336.5,-400000.0625,-7251.740234375,-400000.0625
187.1650025844574,-400000.0625,-10794.259765625,-5625.2998046875,-400000.0625,-6364.919921875,-400000.0625,-7279.39990234375,-400000.0625
187.16500902175903,-400000.0625,-10818.9599609375,-5651.52001953125,-400000.0625,-6390.91015625,-400000.0625,-7303.56982421875,-400000.0625
187.16501474380493,-400000.0625,-10800.7900390625,-5635.1201171875,-400000.0625,-6376.080078125,-400000.0625,-7287.22021484375,-400000.0625
187.16502022743225,-400000.0625,-10768.41015625,-5600.5,-400000.0625,-6337.7900390625,-400000.0625,-7257.509765625,-400000.0625
187.1650264263153,-400000.0625,-10760.4501953125,-5590.919921875,-400000.0625,-6330.6298828125,-400000.0625,-7248.830078125,-400000.0625
187.16503262519836,-400000.0625,-10794.6396484375,-5626.2998046875,-400000.0625,-6365.58984375,-400000.0625,-7279.77978515625,-400000.0625
187.16503834724426,-400000.0625,-10816.669921875,-5653.10009765625,-400000.0625,-6389.47998046875,-400000.0625,-7302.759765625,-400000.0625
187.16504406929016,-400000.0625,-10800.4599609375,-5635.97998046875,-400000.0625,-6375.1201171875,-400000.0625,-7288.97998046875,-400000.0625
187.16505002975464,-400000.0625,-10771.5595703125,-5601.60009765625,-400000.0625,-6341.60009765625,-400000.0625,-7259.31982421875,-400000.0625
187.1650562286377,-400000.0625,-10763.169921875,-5591.580078125,-400000.0625,-6332.259765625,-400000.0625,-7252.5498046875,-400000.0625
187.16506218910217,-400000.0625,-10796.169921875,-5624.580078125,-400000.0625,-6363.68017578125,-400000.0625,-7284.259765625,-400000.0625
187.16506791114807,-400000.0625,-10817.8203125,-5648.27978515625,-400000.0625,-6387.6201171875,-400000.0625,-7303.0498046875,-400000.0625
187.16507387161255,-400000.0625,-10797.599609375,-5629.16015625,-400000.0625,-6372.5498046875,-400000.0625,-7288.02978515625,-400000.0625
187.16508030891418,-400000.0625,-10768.75,-5594.77978515625,-400000.0625,-6342.4599609375,-400000.0625,-7259.7001953125,-400000.0625
187.16508626937866,-400000.0625,-10760.5,-5588.9599609375,-400000.0625,-6330.16015625,-400000.0625,-7254.64990234375,-400000.0625
187.16509199142456,-400000.0625,-10790.58984375,-5621.14990234375,-400000.0625,-6358.2001953125,-400000.0625,-7286.169921875,-400000.0625
187.16509795188904,-400000.0625,-10814.91015625,-5647.56005859375,-400000.0625,-6383.93994140625,-400000.0625,-7308.43994140625,-400000.0625
187.16510367393494,-400000.0625,-10799.7001953125,-5632.5,-400000.0625,-6371.5498046875,-400000.0625,-7293.7001953125,-400000.0625
187.16510939598083,-400000.0625,-10768.3701171875,-5595.490234375,-400000.0625,-6335.8798828125,-400000.0625,-7266.27978515625,-400000.0625
187.16511487960815,-400000.0625,-10766.0302734375,-5589.06005859375,-400000.0625,-6332.919921875,-400000.0625,-7258.02978515625,-400000.0625
187.16512036323547,-400000.0625,-10795.169921875,-5623.39013671875,-400000.0625,-6367.72998046875,-400000.0625,-7282.77978515625,-400000.0625
187.16512632369995,-400000.0625,-10816.76953125,-5647.9501953125,-400000.0625,-6393.580078125,-400000.0625,-7303.18994140625,-400000.0625
187.16513228416443,-400000.0625,-10799.3603515625,-5631.10986328125,-400000.0625,-6374.60009765625,-400000.0625,-7287.4599609375,-400000.0625
187.1651382446289,-400000.0625,-10772.0400390625,-5599.06982421875,-400000.0625,-6338.06982421875,-400000.0625,-7259.3701171875,-400000.0625
187.1651439666748,-400000.0625,-10769.5595703125,-5595.490234375,-400000.0625,-6330.490234375,-400000.0625,-7254.169921875,-400000.0625
187.16514992713928,-400000.0625,-10801.83984375,-5628.8701171875,-400000.0625,-6366.919921875,-400000.0625,-7282.77978515625,-400000.0625
187.1651656627655,-400000.0625,-10825.25,-5656.580078125,-400000.0625,-6397.33984375,-400000.0625,-7304.52978515625,-400000.0625
187.1651713848114,-400000.0625,-10806.1298828125,-5637.06982421875,-400000.0625,-6377.35986328125,-400000.0625,-7288.7900390625,-400000.0625
187.1651771068573,-400000.0625,-10772.9404296875,-5598.8798828125,-400000.0625,-6340.60009765625,-400000.0625,-7252.64990234375,-400000.0625
187.16518259048462,-400000.0625,-10766.3603515625,-5593.2998046875,-400000.0625,-6336.97998046875,-400000.0625,-7242.39013671875,-400000.0625
187.16518878936768,-400000.0625,-10798.3095703125,-5628.06005859375,-400000.0625,-6368.10986328125,-400000.0625,-7275.81982421875,-400000.0625
187.16519474983215,-400000.0625,-10819.48046875,-5652.6201171875,-400000.0625,-6390.56982421875,-400000.0625,-7299.66015625,-400000.0625
187.16520071029663,-400000.0625,-10804.75,-5633.16015625,-400000.0625,-6375.64990234375,-400000.0625,-7283.39990234375,-400000.0625
187.1652066707611,-400000.0625,-10770.66015625,-5597.31005859375,-400000.0625,-6345.85009765625,-400000.0625,-7252.06982421875,-400000.0625
187.1652126312256,-400000.0625,-10764.9296875,-5589.06005859375,-400000.0625,-6339.8798828125,-400000.0625,-7243.68017578125,-400000.0625
187.1652181148529,-400000.0625,-10793.73046875,-5621.14990234375,-400000.0625,-6364.5400390625,-400000.0625,-7274.25,-400000.0625
187.16522407531738,-400000.0625,-10815.240234375,-5645.7001953125,-400000.0625,-6390.52001953125,-400000.0625,-7301.759765625,-400000.0625
187.16522979736328,-400000.0625,-10799.83984375,-5630.10986328125,-400000.0625,-6374.06982421875,-400000.0625,-7285.41015625,-400000.0625
187.16523551940918,-400000.0625,-10769.8896484375,-5594.68017578125,-400000.0625,-6336.93017578125,-400000.0625,-7253.7001953125,-400000.0625
187.1652421951294,-400000.0625,-10766.83984375,-5588.81982421875,-400000.0625,-6326.91015625,-400000.0625,-7249.68994140625,-400000.0625
187.16524863243103,-400000.0625,-10796.3095703125,-5620.47998046875,-400000.0625,-6360.33984375,-400000.0625,-7279.25,-400000.0625
187.1652545928955,-400000.0625,-10819.7197265625,-5645.7998046875,-400000.0625,-6389.43017578125,-400000.0625,-7302.14013671875,-400000.0625
187.16526079177856,-400000.0625,-10803.509765625,-5630.2998046875,-400000.0625,-6376.35986328125,-400000.0625,-7287.740234375,-400000.0625
187.16526675224304,-400000.0625,-10773.2802734375,-5596.830078125,-400000.0625,-6341.97998046875,-400000.0625,-7258.990234375,-400000.0625
187.16527318954468,-400000.0625,-10766.75,-5590.06005859375,-400000.0625,-6335.830078125,-400000.0625,-7253.83984375,-400000.0625
187.16527938842773,-400000.0625,-10797.1201171875,-5624.580078125,-400000.0625,-6365.97021484375,-400000.0625,-7282.97021484375,-400000.0625
187.16528582572937,-400000.0625,-10822.4404296875,-5647.990234375,-400000.0625,-6381.56005859375,-400000.0625,-7304.33984375,-400000.0625
187.16529178619385,-400000.0625,-10806.990234375,-5632.02001953125,-400000.0625,-6370.35009765625,-400000.0625,-7293.990234375,-400000.0625
187.16529750823975,-400000.0625,-10776.330078125,-5599.68994140625,-400000.0625,-6343.75,-400000.0625,-7261.66015625,-400000.0625
187.16530323028564,-400000.0625,-10773.759765625,-5595.64013671875,-400000.0625,-6338.8798828125,-400000.0625,-7254.02978515625,-400000.0625
187.16530919075012,-400000.0625,-10804.080078125,-5627.97021484375,-400000.0625,-6370.31005859375,-400000.0625,-7282.830078125,-400000.0625
187.1653175354004,-400000.0625,-10826.4501953125,-5650.56982421875,-400000.0625,-6394.009765625,-400000.0625,-7306.72021484375,-400000.0625
187.16532373428345,-400000.0625,-10810.8095703125,-5634.58984375,-400000.0625,-6377.5498046875,-400000.0625,-7292.93994140625,-400000.0625
187.1653289794922,-400000.0625,-10778.240234375,-5602.4599609375,-400000.0625,-6342.64990234375,-400000.0625,-7261.18017578125,-400000.0625
187.16533493995667,-400000.0625,-10770.7998046875,-5591.2998046875,-400000.0625,-6329.2998046875,-400000.0625,-7254.7900390625,-400000.0625
187.16534066200256,-400000.0625,-10802.599609375,-5623.2001953125,-400000.0625,-6364.5400390625,-400000.0625,-7282.77978515625,-400000.0625
187.16534614562988,-400000.0625,-10827.1103515625,-5651.0,-400000.0625,-6396.52978515625,-400000.0625,-7303.0,-400000.0625
187.16535186767578,-400000.0625,-10805.990234375,-5633.4501953125,-400000.0625,-6380.89013671875,-400000.0625,-7288.169921875,-400000.0625
187.16535782814026,-400000.0625,-10775.7099609375,-5602.8798828125,-400000.0625,-6347.1298828125,-400000.0625,-7258.27001953125,-400000.0625
187.16536331176758,-400000.0625,-10773.330078125,-5597.16015625,-400000.0625,-6340.31005859375,-400000.0625,-7253.02978515625,-400000.0625
187.16536951065063,-400000.0625,-10800.2197265625,-5628.6298828125,-400000.0625,-6370.02001953125,-400000.0625,-7285.5498046875,-400000.0625
187.1653754711151,-400000.0625,-10824.9697265625,-5655.9599609375,-400000.0625,-6395.9599609375,-400000.0625,-7308.10009765625,-400000.0625
187.165381193161,-400000.0625,-10807.9404296875,-5632.97021484375,-400000.0625,-6374.68994140625,-400000.0625,-7290.169921875,-400000.0625
187.16538667678833,-400000.0625,-10779.330078125,-5601.7900390625,-400000.0625,-6340.22021484375,-400000.0625,-7263.330078125,-400000.0625
187.16539239883423,-400000.0625,-10775.849609375,-5598.35986328125,-400000.0625,-6336.97998046875,-400000.0625,-7257.4599609375,-400000.0625
187.16539812088013,-400000.0625,-10804.7998046875,-5633.1201171875,-400000.0625,-6369.16015625,-400000.0625,-7284.31005859375,-400000.0625
187.16540431976318,-400000.0625,-10826.2998046875,-5656.669921875,-400000.0625,-6395.72021484375,-400000.0625,-7306.669921875,-400000.0625
187.16541051864624,-400000.0625,-10815.759765625,-5640.56005859375,-400000.0625,-6382.93994140625,-400000.0625,-7289.89013671875,-400000.0625
187.16541600227356,-400000.0625,-10782.0498046875,-5606.02978515625,-400000.0625,-6346.509765625,-400000.0625,-7259.22998046875,-400000.0625
187.16542148590088,-400000.0625,-10772.9404296875,-5596.35009765625,-400000.0625,-6337.93017578125,-400000.0625,-7256.080078125,-400000.0625
187.1654269695282,-400000.0625,-10806.419921875,-5628.06005859375,-400000.0625,-6370.64013671875,-400000.0625,-7282.5,-400000.0625
187.16543221473694,-400000.0625,-10827.9697265625,-5655.2900390625,-400000.0625,-6398.14990234375,-400000.0625,-7301.47021484375,-400000.0625
187.16543793678284,-400000.0625,-10809.23046875,-5639.509765625,-400000.0625,-6383.75,-400000.0625,-7291.60009765625,-400000.0625
187.16544342041016,-400000.0625,-10780.33984375,-5606.7998046875,-400000.0625,-6347.27978515625,-400000.0625,-7263.0400390625,-400000.0625
187.16544914245605,-400000.0625,-10773.4697265625,-5598.830078125,-400000.0625,-6337.64013671875,-400000.0625,-7254.93994140625,-400000.0625
187.16545510292053,-400000.0625,-10801.98046875,-5628.68017578125,-400000.0625,-6367.97021484375,-400000.0625,-7285.06982421875,-400000.0625
187.16546058654785,-400000.0625,-10823.919921875,-5652.56982421875,-400000.0625,-6393.47998046875,-400000.0625,-7307.10009765625,-400000.0625
187.16546630859375,-400000.0625,-10809.51953125,-5636.22021484375,-400000.0625,-6376.41015625,-400000.0625,-7287.60009765625,-400000.0625
187.16547226905823,-400000.0625,-10774.66015625,-5601.8798828125,-400000.0625,-6344.56005859375,-400000.0625,-7260.0400390625,-400000.0625
187.16547775268555,-400000.0625,-10769.5595703125,-5595.8798828125,-400000.0625,-6339.22021484375,-400000.0625,-7255.64990234375,-400000.0625
187.1654839515686,-400000.0625,-10804.23046875,-5631.8798828125,-400000.0625,-6376.60009765625,-400000.0625,-7280.4501953125,-400000.0625
187.1654896736145,-400000.0625,-10830.01953125,-5655.81005859375,-400000.0625,-6403.259765625,-400000.0625,-7301.52001953125,-400000.0625
187.16549515724182,-400000.0625,-10810.330078125,-5636.02978515625,-400000.0625,-6380.419921875,-400000.0625,-7289.35986328125,-400000.0625
187.1655011177063,-400000.0625,-10780.0,-5601.83984375,-400000.0625,-6345.31982421875,-400000.0625,-7259.080078125,-400000.0625
187.16550707817078,-400000.0625,-10776.759765625,-5596.8798828125,-400000.0625,-6339.7900390625,-400000.0625,-7252.1201171875,-400000.0625
187.1655125617981,-400000.0625,-10804.650390625,-5628.35009765625,-400000.0625,-6369.10986328125,-400000.0625,-7285.169921875,-400000.0625
187.16551804542542,-400000.0625,-10830.0703125,-5657.77001953125,-400000.0625,-6393.10009765625,-400000.0625,-7310.33984375,-400000.0625
187.16552352905273,-400000.0625,-10813.4296875,-5642.89013671875,-400000.0625,-6379.75,-400000.0625,-7295.990234375,-400000.0625
187.1655294895172,-400000.0625,-10779.9501953125,-5605.97998046875,-400000.0625,-6347.85009765625,-400000.0625,-7265.0,-400000.0625
187.16553497314453,-400000.0625,-10776.330078125,-5601.06982421875,-400000.0625,-6345.509765625,-400000.0625,-7258.75,-400000.0625
187.1655411720276,-400000.0625,-10811.330078125,-5636.7900390625,-400000.0625,-6376.64990234375,-400000.0625,-7286.5,-400000.0625
187.1655468940735,-400000.0625,-10829.9296875,-5660.72998046875,-400000.0625,-6397.72021484375,-400000.0625,-7310.919921875,-400000.0625
187.16555261611938,-400000.0625,-10815.4296875,-5642.60986328125,-400000.0625,-6378.27001953125,-400000.0625,-7297.18017578125,-400000.0625
187.16555786132812,-400000.0625,-10785.009765625,-5609.60986328125,-400000.0625,-6343.22021484375,-400000.0625,-7266.85986328125,-400000.0625
187.16556334495544,-400000.0625,-10783.240234375,-5604.1201171875,-400000.0625,-6338.7900390625,-400000.0625,-7261.52001953125,-400000.0625
187.16556859016418,-400000.0625,-10812.8603515625,-5638.35986328125,-400000.0625,-6375.080078125,-400000.0625,-7289.27001953125,-400000.0625
187.16557455062866,-400000.0625,-10833.3095703125,-5663.72998046875,-400000.0625,-6401.490234375,-400000.0625,-7309.6298828125,-400000.0625
187.16558027267456,-400000.0625,-10815.2900390625,-5645.85009765625,-400000.0625,-6381.56005859375,-400000.0625,-7296.1298828125,-400000.0625
187.16558575630188,-400000.0625,-10783.9599609375,-5612.22998046875,-400000.0625,-6343.509765625,-400000.0625,-7264.18994140625,-400000.0625
187.16559386253357,-400000.0625,-10781.7197265625,-5607.56005859375,-400000.0625,-6342.75,-400000.0625,-7259.27001953125,-400000.0625
187.16560173034668,-400000.0625,-10811.849609375,-5638.35986328125,-400000.0625,-6374.4599609375,-400000.0625,-7288.97998046875,-400000.0625
187.16560983657837,-400000.0625,-10833.41015625,-5662.81982421875,-400000.0625,-6397.580078125,-400000.0625,-7307.240234375,-400000.0625
187.16561937332153,-400000.0625,-10817.6201171875,-5644.419921875,-400000.0625,-6381.31982421875,-400000.0625,-7289.7900390625,-400000.0625
187.16562843322754,-400000.0625,-10785.150390625,-5608.419921875,-400000.0625,-6350.0400390625,-400000.0625,-7260.3701171875,-400000.0625
187.16563725471497,-400000.0625,-10779.3798828125,-5604.5498046875,-400000.0625,-6346.080078125,-400000.0625,-7255.41015625,-400000.0625
187.16564655303955,-400000.0625,-10810.900390625,-5636.8798828125,-400000.0625,-6376.64990234375,-400000.0625,-7285.8798828125,-400000.0625
187.16565656661987,-400000.0625,-10834.599609375,-5660.8701171875,-400000.0625,-6399.16015625,-400000.0625,-7306.2900390625,-400000.0625
187.16566610336304,-400000.0625,-10812.08984375,-5641.1298828125,-400000.0625,-6379.1298828125,-400000.0625,-7292.080078125,-400000.0625
187.16567468643188,-400000.0625,-10780.669921875,-5604.080078125,-400000.0625,-6341.89013671875,-400000.0625,-7259.990234375,-400000.0625
187.16568398475647,-400000.0625,-10775.759765625,-5600.93017578125,-400000.0625,-6341.509765625,-400000.0625,-7256.41015625,-400000.0625
187.16569304466248,-400000.0625,-10803.3203125,-5632.2099609375,-400000.0625,-6372.7900390625,-400000.0625,-7283.39990234375,-400000.0625
187.1657018661499,-400000.0625,-10827.1103515625,-5654.18994140625,-400000.0625,-6394.009765625,-400000.0625,-7304.669921875,-400000.0625
187.16571044921875,-400000.0625,-10810.0,-5634.02001953125,-400000.0625,-6376.64990234375,-400000.0625,-7288.89013671875,-400000.0625
187.16571974754333,-400000.0625,-10777.9501953125,-5600.64013671875,-400000.0625,-6342.93994140625,-400000.0625,-7256.60009765625,-400000.0625
187.16572856903076,-400000.0625,-10770.8896484375,-5595.919921875,-400000.0625,-6333.97021484375,-400000.0625,-7254.5498046875,-400000.0625
187.16573858261108,-400000.0625,-10806.75,-5632.68994140625,-400000.0625,-6369.31005859375,-400000.0625,-7284.5,-400000.0625
187.1657474040985,-400000.0625,-10827.01953125,-5655.580078125,-400000.0625,-6394.81982421875,-400000.0625,-7305.240234375,-400000.0625
187.16575598716736,-400000.0625,-10807.419921875,-5635.740234375,-400000.0625,-6374.68994140625,-400000.0625,-7287.83984375,-400000.0625
187.16576528549194,-400000.0625,-10776.9501953125,-5601.64990234375,-400000.0625,-6346.75,-400000.0625,-7256.56005859375,-400000.0625
187.16577458381653,-400000.0625,-10774.419921875,-5596.06982421875,-400000.0625,-6342.02978515625,-400000.0625,-7253.27001953125,-400000.0625
187.16578269004822,-400000.0625,-10806.509765625,-5629.64013671875,-400000.0625,-6372.31005859375,-400000.0625,-7280.64013671875,-400000.0625
187.1657907962799,-400000.0625,-10827.0703125,-5652.2900390625,-400000.0625,-6393.9599609375,-400000.0625,-7302.6201171875,-400000.0625
187.1657998561859,-400000.0625,-10809.7099609375,-5634.2099609375,-400000.0625,-6375.35986328125,-400000.0625,-7285.41015625,-400000.0625
187.16580963134766,-400000.0625,-10779.330078125,-5603.60009765625,-400000.0625,-6343.41015625,-400000.0625,-7254.64990234375,-400000.0625
187.16581773757935,-400000.0625,-10775.759765625,-5596.72998046875,-400000.0625,-6337.4501953125,-400000.0625,-7251.22021484375,-400000.0625
187.16582679748535,-400000.0625,-10806.1796875,-5631.2099609375,-400000.0625,-6373.5,-400000.0625,-7279.02001953125,-400000.0625
187.16583633422852,-400000.0625,-10828.2099609375,-5656.43017578125,-400000.0625,-6397.43994140625,-400000.0625,-7299.7099609375,-400000.0625
187.16584539413452,-400000.0625,-10810.6103515625,-5636.8798828125,-400000.0625,-6377.1298828125,-400000.0625,-7285.4501953125,-400000.0625
187.16585421562195,-400000.0625,-10781.099609375,-5605.02978515625,-400000.0625,-6346.0400390625,-400000.0625,-7254.83984375,-400000.0625
187.1658627986908,-400000.0625,-10775.759765625,-5598.64013671875,-400000.0625,-6338.1201171875,-400000.0625,-7251.02978515625,-400000.0625
187.16587209701538,-400000.0625,-10806.900390625,-5632.93017578125,-400000.0625,-6371.169921875,-400000.0625,-7279.72998046875,-400000.0625
187.16588258743286,-400000.0625,-10831.3095703125,-5656.0,-400000.0625,-6395.2900390625,-400000.0625,-7301.669921875,-400000.0625
187.16589188575745,-400000.0625,-10818.2001953125,-5641.27001953125,-400000.0625,-6380.89013671875,-400000.0625,-7287.83984375,-400000.0625
187.1659016609192,-400000.0625,-10784.9599609375,-5606.509765625,-400000.0625,-6348.31982421875,-400000.0625,-7259.7998046875,-400000.0625
187.16591024398804,-400000.0625,-10775.849609375,-5601.259765625,-400000.0625,-6339.06982421875,-400000.0625,-7255.509765625,-400000.0625
187.16591930389404,-400000.0625,-10809.2802734375,-5634.39990234375,-400000.0625,-6371.02001953125,-400000.0625,-7286.35986328125,-400000.0625
187.16592836380005,-400000.0625,-10835.0302734375,-5660.580078125,-400000.0625,-6397.52978515625,-400000.0625,-7308.91015625,-400000.0625
187.16593766212463,-400000.0625,-10816.150390625,-5640.56005859375,-400000.0625,-6375.169921875,-400000.0625,-7291.60009765625,-400000.0625
187.16600060462952,-400000.0625,-10777.7099609375,-5603.1201171875,-400000.0625,-6333.2099609375,-400000.0625,-7261.08984375,-400000.0625
187.1660099029541,-400000.0625,-10773.2802734375,-5595.02001953125,-400000.0625,-6333.919921875,-400000.0625,-7258.080078125,-400000.0625
187.16601824760437,-400000.0625,-10807.51953125,-5630.4501953125,-400000.0625,-6373.60009765625,-400000.0625,-7288.5,-400000.0625
187.16602778434753,-400000.0625,-10827.5400390625,-5657.39013671875,-400000.0625,-6397.009765625,-400000.0625,-7311.72998046875,-400000.0625
187.16603708267212,-400000.0625,-10810.5703125,-5637.68994140625,-400000.0625,-6377.4599609375,-400000.0625,-7295.47021484375,-400000.0625
187.1660463809967,-400000.0625,-10784.3896484375,-5604.22021484375,-400000.0625,-6346.509765625,-400000.0625,-7260.60986328125,-400000.0625
187.1660556793213,-400000.0625,-10778.6201171875,-5600.93017578125,-400000.0625,-6340.31005859375,-400000.0625,-7253.97998046875,-400000.0625
187.16606426239014,-400000.0625,-10813.330078125,-5634.8798828125,-400000.0625,-6368.2099609375,-400000.0625,-7283.16015625,-400000.0625
187.16607451438904,-400000.0625,-10832.3095703125,-5657.47998046875,-400000.0625,-6385.56982421875,-400000.0625,-7307.580078125,-400000.0625
187.16608381271362,-400000.0625,-10811.900390625,-5638.60009765625,-400000.0625,-6372.06982421875,-400000.0625,-7291.60009765625,-400000.0625
187.16609287261963,-400000.0625,-10779.099609375,-5602.93017578125,-400000.0625,-6345.89013671875,-400000.0625,-7260.990234375,-400000.0625
187.16610407829285,-400000.0625,-10774.08984375,-5598.1201171875,-400000.0625,-6338.8798828125,-400000.0625,-7255.509765625,-400000.0625
187.16611409187317,-400000.0625,-10806.3701171875,-5632.5,-400000.0625,-6371.259765625,-400000.0625,-7284.2099609375,-400000.0625
187.16612362861633,-400000.0625,-10828.400390625,-5656.240234375,-400000.0625,-6391.85986328125,-400000.0625,-7305.0498046875,-400000.0625
187.16613364219666,-400000.0625,-10811.4296875,-5638.4599609375,-400000.0625,-6369.68994140625,-400000.0625,-7288.60009765625,-400000.0625
187.16614317893982,-400000.0625,-10781.669921875,-5605.169921875,-400000.0625,-6342.31982421875,-400000.0625,-7262.0400390625,-400000.0625
187.16615319252014,-400000.0625,-10781.9599609375,-5600.60009765625,-400000.0625,-6342.22021484375,-400000.0625,-7257.60986328125,-400000.0625
187.16616225242615,-400000.0625,-10811.0,-5636.7900390625,-400000.0625,-6370.8798828125,-400000.0625,-7285.06982421875,-400000.0625
187.16617107391357,-400000.0625,-10829.6396484375,-5658.77001953125,-400000.0625,-6390.669921875,-400000.0625,-7309.77001953125,-400000.0625
187.16618061065674,-400000.0625,-10816.5302734375,-5637.5498046875,-400000.0625,-6376.89013671875,-400000.0625,-7294.18017578125,-400000.0625
187.16619038581848,-400000.0625,-10781.76953125,-5604.27001953125,-400000.0625,-6343.64990234375,-400000.0625,-7265.330078125,-400000.0625
187.16619992256165,-400000.0625,-10772.75,-5597.35009765625,-400000.0625,-6339.1201171875,-400000.0625,-7258.22998046875,-400000.0625
187.16621017456055,-400000.0625,-10805.1796875,-5630.16015625,-400000.0625,-6371.68994140625,-400000.0625,-7287.97998046875,-400000.0625
187.16621923446655,-400000.0625,-10830.58984375,-5656.91015625,-400000.0625,-6392.85986328125,-400000.0625,-7310.77001953125,-400000.0625
187.16622757911682,-400000.0625,-10813.669921875,-5636.83984375,-400000.0625,-6373.02001953125,-400000.0625,-7294.3701171875,-400000.0625
187.16624283790588,-400000.0625,-10779.330078125,-5601.8798828125,-400000.0625,-6337.830078125,-400000.0625,-7263.56982421875,-400000.0625
187.16625213623047,-400000.0625,-10774.419921875,-5595.72998046875,-400000.0625,-6331.35009765625,-400000.0625,-7259.22998046875,-400000.0625
187.16626143455505,-400000.0625,-10809.759765625,-5632.39990234375,-400000.0625,-6364.77978515625,-400000.0625,-7289.64990234375,-400000.0625
187.16627025604248,-400000.0625,-10833.6904296875,-5658.14990234375,-400000.0625,-6389.330078125,-400000.0625,-7309.14990234375,-400000.0625
187.16628003120422,-400000.0625,-10815.1904296875,-5639.60009765625,-400000.0625,-6374.5,-400000.0625,-7290.93994140625,-400000.0625
187.16629147529602,-400000.0625,-10785.3896484375,-5606.990234375,-400000.0625,-6343.89013671875,-400000.0625,-7258.7998046875,-400000.0625
187.1663007736206,-400000.0625,-10779.330078125,-5600.169921875,-400000.0625,-6337.4501953125,-400000.0625,-7258.22998046875,-400000.0625
187.1663110256195,-400000.0625,-10805.23046875,-5629.16015625,-400000.0625,-6372.5,-400000.0625,-7289.02978515625,-400000.0625
187.16632175445557,-400000.0625,-10829.3095703125,-5652.47998046875,-400000.0625,-6397.2001953125,-400000.0625,-7311.5400390625,-400000.0625
187.16633200645447,-400000.0625,-10812.5703125,-5636.06982421875,-400000.0625,-6376.7900390625,-400000.0625,-7295.1298828125,-400000.0625
187.1823010444641,-400000.0625,-11007.599609375,-5776.169921875,-400000.0625,-6353.56982421875,-400000.0625,-7270.43017578125,-400000.0625
187.2383108139038,-400000.0625,-11124.759765625,-5835.81982421875,-400000.0625,-6418.31982421875,-400000.0625,-7391.97998046875,-400000.0625
187.29027771949768,-400000.0625,-11100.150390625,-5808.5400390625,-400000.0625,-6389.43017578125,-400000.0625,-7370.56982421875,-400000.0625
187.34905695915222,-400000.0625,-11067.2998046875,-5773.31005859375,-400000.0625,-6355.6201171875,-400000.0625,-7343.77001953125,-400000.0625
187.41398692131042,-400000.0625,-11080.5498046875,-5785.93994140625,-400000.0625,-6360.2001953125,-400000.0625,-7355.64013671875,-400000.0625
187.4791374206543,-400000.0625,-11121.23046875,-5807.58984375,-400000.0625,-6406.06982421875,-400000.0625,-7447.39013671875,-400000.0625
187.54147219657898,-400000.0625,-11106.58984375,-5765.77001953125,-400000.0625,-6380.1298828125,-400000.0625,-7457.06982421875,-400000.0625
187.67075943946838,-400000.0625,-11077.259765625,-5734.77978515625,-400000.0625,-6351.330078125,-400000.0625,-7434.66015625,-400000.0625
187.73518347740173,-400000.0625,-11092.9501953125,-5760.240234375,-400000.0625,-6367.5400390625,-400000.0625,-7412.72021484375,-400000.0625
187.84117579460144,-400000.0625,-11114.83984375,-5803.8701171875,-400000.0625,-6399.490234375,-400000.0625,-7434.7998046875,-400000.0625
187.9388473033905,-400000.0625,-11116.7900390625,-5796.0498046875,-400000.0625,-6394.72021484375,-400000.0625,-7434.4599609375,-400000.0625
188.01900720596313,-400000.0625,-11084.509765625,-5735.68017578125,-400000.0625,-6346.89013671875,-400000.0625,-7441.330078125,-400000.0625
188.0563006401062,-400000.0625,-11135.76953125,-5785.27978515625,-400000.0625,-6396.10009765625,-400000.0625,-7488.58984375,-400000.0625
188.11862015724182,-400000.0625,-11150.7001953125,-5798.91015625,-400000.0625,-6412.02978515625,-400000.0625,-7494.5498046875,-400000.0625
188.21244406700134,-400000.0625,-11160.23046875,-5799.47998046875,-400000.0625,-6414.7998046875,-400000.0625,-7496.1201171875,-400000.0625
188.25180840492249,-400000.0625,-11129.48046875,-5763.6298828125,-400000.0625,-6379.509765625,-400000.0625,-7482.580078125,-400000.0625
188.30878973007202,-400000.0625,-11089.849609375,-5726.580078125,-400000.0625,-6338.4501953125,-400000.0625,-7463.97998046875,-400000.0625
188.38500833511353,-400000.0625,-11102.6298828125,-5740.02001953125,-400000.0625,-6350.89990234375,-400000.0625,-7461.5,-400000.0625
188.43936228752136,-400000.0625,-11144.9296875,-5789.0400390625,-400000.0625,-6400.72998046875,-400000.0625,-7511.3798828125,-400000.0625
188.5026891231537,-400000.0625,-11132.0498046875,-5767.97021484375,-400000.0625,-6375.64990234375,-400000.0625,-7495.68994140625,-400000.0625
188.6633791923523,-400000.0625,-11101.8203125,-5728.25,-400000.0625,-6343.169921875,-400000.0625,-7461.02001953125,-400000.0625
188.69463968276978,-400000.0625,-11112.01953125,-5743.22021484375,-400000.0625,-6348.22998046875,-400000.0625,-7469.93994140625,-400000.0625
188.76597332954407,-400000.0625,-11142.830078125,-5781.64990234375,-400000.0625,-6378.509765625,-400000.0625,-7494.740234375,-400000.0625
188.82493567466736,-400000.0625,-11165.1904296875,-5800.43994140625,-400000.0625,-6403.830078125,-400000.0625,-7504.509765625,-400000.0625
188.93397545814514,-400000.0625,-11120.3701171875,-5747.64990234375,-400000.0625,-6347.60986328125,-400000.0625,-7463.06982421875,-400000.0625
188.95505046844482,-400000.0625,-11120.0302734375,-5744.27001953125,-400000.0625,-6346.18017578125,-400000.0625,-7458.16015625,-400000.0625
189.01400661468506,-400000.0625,-11120.650390625,-5745.22021484375,-400000.0625,-6350.89990234375,-400000.0625,-7455.5400390625,-400000.0625
189.0888113975525,-400000.0625,-11159.900390625,-5777.169921875,-400000.0625,-6387.56982421875,-400000.0625,-7477.0,-400000.0625
189.1473708152771,-400000.0625,-11164.6201171875,-5792.08984375,-400000.0625,-6405.1201171875,-400000.0625,-7470.3701171875,-400000.0625
189.20519351959229,-400000.0625,-11148.01953125,-5771.39990234375,-400000.0625,-6376.83984375,-400000.0625,-7446.43017578125,-400000.0625
189.3119878768921,-400000.0625,-11113.2197265625,-5730.33984375,-400000.0625,-6343.93994140625,-400000.0625,-7405.22998046875,-400000.0625
189.40619587898254,-400000.0625,-11158.75,-5786.08984375,-400000.0625,-6384.66015625,-400000.0625,-7435.419921875,-400000.0625
189.4651584625244,-400000.0625,-11170.25,-5791.14013671875,-400000.0625,-6397.33984375,-400000.0625,-7440.08984375,-400000.0625
189.54101395606995,-400000.0625,-11155.7001953125,-5771.5400390625,-400000.0625,-6376.4599609375,-400000.0625,-7417.06005859375,-400000.0625
189.59493350982666,-400000.0625,-11130.240234375,-5740.259765625,-400000.0625,-6347.31982421875,-400000.0625,-7395.83984375,-400000.0625
189.68984532356262,-400000.0625,-11122.0400390625,-5731.919921875,-400000.0625,-6344.990234375,-400000.0625,-7386.4501953125,-400000.0625
189.6978189945221,-400000.0625,-11157.2802734375,-5768.39990234375,-400000.0625,-6383.75,-400000.0625,-7414.10009765625,-400000.0625
189.72146248817444,-400000.0625,-11172.8701171875,-5785.89990234375,-400000.0625,-6400.16015625,-400000.0625,-7431.93994140625,-400000.0625
189.72691082954407,-400000.0625,-11153.509765625,-5762.14990234375,-400000.0625,-6373.1201171875,-400000.0625,-7412.72021484375,-400000.0625
189.7375717163086,-400000.0625,-11129.8095703125,-5730.580078125,-400000.0625,-6346.7001953125,-400000.0625,-7384.8701171875,-400000.0625
189.74526739120483,-400000.0625,-11128.8095703125,-5734.16015625,-400000.0625,-6348.60986328125,-400000.0625,-7390.06982421875,-400000.0625
189.75238132476807,-400000.0625,-11159.759765625,-5769.25,-400000.0625,-6381.990234375,-400000.0625,-7421.2099609375,-400000.0625
189.75858974456787,-400000.0625,-11179.9296875,-5789.81005859375,-400000.0625,-6402.830078125,-400000.0625,-7437.56005859375,-400000.0625
189.76663541793823,-400000.0625,-11156.26953125,-5763.47998046875,-400000.0625,-6377.64990234375,-400000.0625,-7414.68017578125,-400000.0625
189.77450251579285,-400000.0625,-11127.330078125,-5730.68017578125,-400000.0625,-6344.1298828125,-400000.0625,-7384.5400390625,-400000.0625
189.78077149391174,-400000.0625,-11126.3798828125,-5732.39013671875,-400000.0625,-6340.5498046875,-400000.0625,-7384.58984375,-400000.0625
189.78694462776184,-400000.0625,-11162.0400390625,-5767.81982421875,-400000.0625,-6378.080078125,-400000.0625,-7418.25,-400000.0625
189.79339718818665,-400000.0625,-11180.16015625,-5788.759765625,-400000.0625,-6400.77978515625,-400000.0625,-7438.52001953125,-400000.0625
189.80141925811768,-400000.0625,-11156.23046875,-5763.580078125,-400000.0625,-6373.5,-400000.0625,-7413.81982421875,-400000.0625
189.82396602630615,-400000.0625,-11129.48046875,-5733.43994140625,-400000.0625,-6340.5498046875,-400000.0625,-7386.2998046875,-400000.0625
189.83097505569458,-400000.0625,-11131.9599609375,-5736.4501953125,-400000.0625,-6345.60986328125,-400000.0625,-7387.97021484375,-400000.0625
189.8400661945343,-400000.0625,-11165.7197265625,-5770.39990234375,-400000.0625,-6383.66015625,-400000.0625,-7418.68017578125,-400000.0625
189.84724593162537,-400000.0625,-11179.01953125,-5788.9501953125,-400000.0625,-6400.43994140625,-400000.0625,-7434.66015625,-400000.0625
189.8542788028717,-400000.0625,-11154.6103515625,-5767.68017578125,-400000.0625,-6378.22021484375,-400000.0625,-7413.47998046875,-400000.0625
189.86058282852173,-400000.0625,-11130.9501953125,-5737.39990234375,-400000.0625,-6348.08984375,-400000.0625,-7385.830078125,-400000.0625
189.8732829093933,-400000.0625,-11128.759765625,-5736.2099609375,-400000.0625,-6342.35986328125,-400000.0625,-7387.02001953125,-400000.0625
189.88193726539612,-400000.0625,-11163.3798828125,-5773.58984375,-400000.0625,-6380.64990234375,-400000.0625,-7417.97021484375,-400000.0625
189.88945031166077,-400000.0625,-11184.6904296875,-5792.43017578125,-400000.0625,-6400.77978515625,-400000.0625,-7437.9501953125,-400000.0625
189.89685606956482,-400000.0625,-11162.1396484375,-5767.43994140625,-400000.0625,-6370.8798828125,-400000.0625,-7413.9599609375,-400000.0625
189.9071855545044,-400000.0625,-11132.669921875,-5735.35009765625,-400000.0625,-6338.5,-400000.0625,-7382.919921875,-400000.0625
189.92903304100037,-400000.0625,-11133.2900390625,-5734.02001953125,-400000.0625,-6344.1298828125,-400000.0625,-7385.02001953125,-400000.0625
189.93919038772583,-400000.0625,-11161.1396484375,-5769.43994140625,-400000.0625,-6383.22998046875,-400000.0625,-7413.39013671875,-400000.0625
189.94733142852783,-400000.0625,-11182.599609375,-5789.08984375,-400000.0625,-6402.97021484375,-400000.0625,-7430.31982421875,-400000.0625
189.956298828125,-400000.0625,-11160.3798828125,-5765.10009765625,-400000.0625,-6377.31982421875,-400000.0625,-7409.9501953125,-400000.0625
189.9654586315155,-400000.0625,-11128.240234375,-5731.919921875,-400000.0625,-6342.27001953125,-400000.0625,-7382.25,-400000.0625
189.9755733013153,-400000.0625,-11131.6201171875,-5734.68017578125,-400000.0625,-6339.68994140625,-400000.0625,-7383.10986328125,-400000.0625
189.9857738018036,-400000.0625,-11166.099609375,-5770.72998046875,-400000.0625,-6378.64990234375,-400000.0625,-7413.52978515625,-400000.0625
189.9926290512085,-400000.0625,-11186.080078125,-5791.330078125,-400000.0625,-6403.68994140625,-400000.0625,-7427.169921875,-400000.0625
190.00220274925232,-400000.0625,-11163.900390625,-5767.2998046875,-400000.0625,-6374.7900390625,-400000.0625,-7406.08984375,-400000.0625
190.0110125541687,-400000.0625,-11130.3798828125,-5732.06005859375,-400000.0625,-6341.02978515625,-400000.0625,-7376.0,-400000.0625
190.03887677192688,-400000.0625,-11131.6201171875,-5733.919921875,-400000.0625,-6343.83984375,-400000.0625,-7377.85986328125,-400000.0625
190.04745864868164,-400000.0625,-11165.240234375,-5770.97021484375,-400000.0625,-6378.7001953125,-400000.0625,-7408.72021484375,-400000.0625
190.05607748031616,-400000.0625,-11183.6904296875,-5786.85009765625,-400000.0625,-6397.919921875,-400000.0625,-7420.25,-400000.0625
190.06484055519104,-400000.0625,-11159.759765625,-5760.9599609375,-400000.0625,-6373.5,-400000.0625,-7399.56005859375,-400000.0625
190.0760543346405,-400000.0625,-11133.9599609375,-5732.97021484375,-400000.0625,-6344.4599609375,-400000.0625,-7370.85009765625,-400000.0625
190.08515191078186,-400000.0625,-11133.7197265625,-5734.02001953125,-400000.0625,-6344.75,-400000.0625,-7371.27978515625,-400000.0625
190.09440279006958,-400000.0625,-11166.91015625,-5770.2099609375,-400000.0625,-6378.64990234375,-400000.0625,-7401.60986328125,-400000.0625
190.10865259170532,-400000.0625,-11181.400390625,-5786.60986328125,-400000.0625,-6400.5400390625,-400000.0625,-7418.919921875,-400000.0625
190.11779618263245,-400000.0625,-11154.9404296875,-5764.52978515625,-400000.0625,-6375.1201171875,-400000.0625,-7395.75,-400000.0625
190.1479296684265,-400000.0625,-11129.0498046875,-5732.97021484375,-400000.0625,-6340.31005859375,-400000.0625,-7366.56005859375,-400000.0625
190.1722559928894,-400000.0625,-11190.650390625,-5782.93994140625,-400000.0625,-6362.580078125,-400000.0625,-7382.580078125,-400000.0625
190.29676699638367,-400000.0625,-11116.080078125,-5724.91015625,-400000.0625,-6348.31982421875,-400000.0625,-7328.7998046875,-400000.0625
190.35867500305176,-400000.0625,-11153.1298828125,-5757.669921875,-400000.0625,-6375.22021484375,-400000.0625,-7358.60009765625,-400000.0625
190.4211163520813,-400000.0625,-11176.5400390625,-5776.5,-400000.0625,-6401.8701171875,-400000.0625,-7380.580078125,-400000.0625
190.4873011112213,-400000.0625,-11146.259765625,-5745.7001953125,-400000.0625,-6367.02001953125,-400000.0625,-7355.8798828125,-400000.0625
190.54871487617493,-400000.0625,-11151.41015625,-5746.3701171875,-400000.0625,-6369.06982421875,-400000.0625,-7361.64990234375,-400000.0625
190.7787880897522,-400000.0625,-11122.9404296875,-5718.66015625,-400000.0625,-6347.75,-400000.0625,-7334.89990234375,-400000.0625
190.8094277381897,-400000.0625,-11119.7998046875,-5720.22998046875,-400000.0625,-6348.93994140625,-400000.0625,-7328.93994140625,-400000.0625
190.88554549217224,-400000.0625,-11129.4296875,-5720.330078125,-400000.0625,-6340.4599609375,-400000.0625,-7332.18017578125,-400000.0625
190.9377086162567,-400000.0625,-11118.169921875,-5711.22021484375,-400000.0625,-6341.89013671875,-400000.0625,-7328.7998046875,-400000.0625
191.00132751464844,-400000.0625,-11156.990234375,-5751.66015625,-400000.0625,-6376.41015625,-400000.0625,-7352.5400390625,-400000.0625
191.0631139278412,-400000.0625,-11181.400390625,-5778.5,-400000.0625,-6400.81982421875,-400000.0625,-7377.81982421875,-400000.0625
191.15229630470276,-400000.0625,-11191.1796875,-5776.64013671875,-400000.0625,-6401.490234375,-400000.0625,-7395.35986328125,-400000.0625
191.22140669822693,-400000.0625,-11142.2099609375,-5723.81005859375,-400000.0625,-6348.75,-400000.0625,-7349.2998046875,-400000.0625
191.25656509399414,-400000.0625,-11141.349609375,-5717.47021484375,-400000.0625,-6346.7998046875,-400000.0625,-7347.919921875,-400000.0625
191.31771993637085,-400000.0625,-11158.2802734375,-5741.31005859375,-400000.0625,-6381.75,-400000.0625,-7372.18994140625,-400000.0625
191.39552283287048,-400000.0625,-11177.8701171875,-5768.35009765625,-400000.0625,-6405.740234375,-400000.0625,-7391.740234375,-400000.0625
191.45253205299377,-400000.0625,-11169.240234375,-5759.2900390625,-400000.0625,-6388.52001953125,-400000.0625,-7379.72021484375,-400000.0625
191.51759123802185,-400000.0625,-11139.7802734375,-5725.6201171875,-400000.0625,-6356.6201171875,-400000.0625,-7354.2099609375,-400000.0625
191.58630990982056,-400000.0625,-11135.91015625,-5720.7099609375,-400000.0625,-6352.52001953125,-400000.0625,-7354.830078125,-400000.0625
191.63911366462708,-400000.0625,-11157.23046875,-5743.93017578125,-400000.0625,-6375.02978515625,-400000.0625,-7370.52001953125,-400000.0625
191.77877187728882,-400000.0625,-11183.9296875,-5765.8701171875,-400000.0625,-6391.72021484375,-400000.0625,-7399.60986328125,-400000.0625
191.87001276016235,-400000.0625,-11152.4599609375,-5733.58984375,-400000.0625,-6364.39013671875,-400000.0625,-7368.990234375,-400000.0625
191.9188938140869,-400000.0625,-11155.1298828125,-5735.68017578125,-400000.0625,-6359.43017578125,-400000.0625,-7369.7099609375,-400000.0625
192.0238218307495,-400000.0625,-11204.4296875,-5788.85009765625,-400000.0625,-6418.08984375,-400000.0625,-7413.0498046875,-400000.0625
192.09678435325623,-400000.0625,-11184.740234375,-5764.81982421875,-400000.0625,-6393.52978515625,-400000.0625,-7394.27001953125,-400000.0625
192.25617599487305,-400000.0625,-11155.1796875,-5736.919921875,-400000.0625,-6368.58984375,-400000.0625,-7367.27978515625,-400000.0625
192.28211379051208,-400000.0625,-11181.4501953125,-5766.6298828125,-400000.0625,-6394.10009765625,-400000.0625,-7392.41015625,-400000.0625
192.29011344909668,-400000.0625,-11207.3896484375,-5796.77001953125,-400000.0625,-6418.990234375,-400000.0625,-7419.16015625,-400000.0625
192.29691410064697,-400000.0625,-11198.240234375,-5787.419921875,-400000.0625,-6407.7900390625,-400000.0625,-7409.91015625,-400000.0625
192.30590724945068,-400000.0625,-11166.0,-5752.47021484375,-400000.0625,-6371.58984375,-400000.0625,-7382.919921875,-400000.0625
192.31436944007874,-400000.0625,-11158.0400390625,-5744.83984375,-400000.0625,-6365.58984375,-400000.0625,-7372.7099609375,-400000.0625
192.32170510292053,-400000.0625,-11185.7001953125,-5775.4501953125,-400000.0625,-6394.2900390625,-400000.0625,-7397.22021484375,-400000.0625
192.32866144180298,-400000.0625,-11215.400390625,-5806.02001953125,-400000.0625,-6430.39013671875,-400000.0625,-7421.919921875,-400000.0625
192.33942937850952,-400000.0625,-11206.009765625,-5796.72021484375,-400000.0625,-6419.3701171875,-400000.0625,-7414.8701171875,-400000.0625
192.34794521331787,-400000.0625,-11176.16015625,-5763.81982421875,-400000.0625,-6379.4599609375,-400000.0625,-7384.8701171875,-400000.0625
192.355060338974,-400000.0625,-11160.5703125,-5747.02978515625,-400000.0625,-6367.06005859375,-400000.0625,-7373.56982421875,-400000.0625
192.36080813407898,-400000.0625,-11186.169921875,-5776.97998046875,-400000.0625,-6395.39013671875,-400000.0625,-7400.31982421875,-400000.0625
192.38786673545837,-400000.0625,-11215.740234375,-5806.68994140625,-400000.0625,-6423.27978515625,-400000.0625,-7427.41015625,-400000.0625
192.39444065093994,-400000.0625,-11209.009765625,-5796.0498046875,-400000.0625,-6411.509765625,-400000.0625,-7419.8701171875,-400000.0625
192.40334272384644,-400000.0625,-11172.009765625,-5757.759765625,-400000.0625,-6374.7900390625,-400000.0625,-7387.02001953125,-400000.0625
192.41193437576294,-400000.0625,-11151.98046875,-5739.64013671875,-400000.0625,-6360.14990234375,-400000.0625,-7379.33984375,-400000.0625
192.42122292518616,-400000.0625,-11183.2197265625,-5775.169921875,-400000.0625,-6397.2998046875,-400000.0625,-7403.22998046875,-400000.0625
192.43016576766968,-400000.0625,-11211.0595703125,-5804.830078125,-400000.0625,-6425.9501953125,-400000.0625,-7425.5498046875,-400000.0625
192.44150471687317,-400000.0625,-11199.8603515625,-5790.56982421875,-400000.0625,-6409.740234375,-400000.0625,-7419.06005859375,-400000.0625
192.44961953163147,-400000.0625,-11169.150390625,-5756.759765625,-400000.0625,-6374.31005859375,-400000.0625,-7392.4599609375,-400000.0625
192.45687341690063,-400000.0625,-11157.4697265625,-5745.4599609375,-400000.0625,-6362.009765625,-400000.0625,-7381.6298828125,-400000.0625
192.46536803245544,-400000.0625,-11188.080078125,-5778.5,-400000.0625,-6392.81005859375,-400000.0625,-7407.43017578125,-400000.0625
192.4928650856018,-400000.0625,-11213.919921875,-5808.68994140625,-400000.0625,-6424.3798828125,-400000.0625,-7434.66015625,-400000.0625
192.50533819198608,-400000.0625,-11205.0498046875,-5797.10009765625,-400000.0625,-6412.169921875,-400000.0625,-7422.8798828125,-400000.0625
192.51297569274902,-400000.0625,-11174.349609375,-5761.18994140625,-400000.0625,-6376.1201171875,-400000.0625,-7392.22021484375,-400000.0625
192.52169942855835,-400000.0625,-11161.3798828125,-5747.509765625,-400000.0625,-6362.25,-400000.0625,-7382.39013671875,-400000.0625
192.52870297431946,-400000.0625,-11189.6103515625,-5778.1201171875,-400000.0625,-6391.81005859375,-400000.0625,-7409.0,-400000.0625
192.53888511657715,-400000.0625,-11215.01953125,-5806.8798828125,-400000.0625,-6420.89990234375,-400000.0625,-7432.64990234375,-400000.0625
192.54609966278076,-400000.0625,-11205.33984375,-5796.2900390625,-400000.0625,-6416.89013671875,-400000.0625,-7421.77978515625,-400000.0625
192.55414605140686,-400000.0625,-11177.490234375,-5762.2900390625,-400000.0625,-6380.419921875,-400000.0625,-7392.68994140625,-400000.0625
192.56186842918396,-400000.0625,-11166.1396484375,-5751.60986328125,-400000.0625,-6366.2099609375,-400000.0625,-7380.2001953125,-400000.0625
192.57080960273743,-400000.0625,-11191.849609375,-5780.7900390625,-400000.0625,-6394.52978515625,-400000.0625,-7403.89990234375,-400000.0625
192.59336471557617,-400000.0625,-11213.490234375,-5806.35009765625,-400000.0625,-6423.14013671875,-400000.0625,-7430.169921875,-400000.0625
192.602290391922,-400000.0625,-11205.2001953125,-5796.9599609375,-400000.0625,-6413.169921875,-400000.0625,-7420.72998046875,-400000.0625
192.61001992225647,-400000.0625,-11177.1103515625,-5760.72021484375,-400000.0625,-6376.35986328125,-400000.0625,-7390.60009765625,-400000.0625
192.61730670928955,-400000.0625,-11162.1396484375,-5745.5498046875,-400000.0625,-6362.33984375,-400000.0625,-7381.2001953125,-400000.0625
192.62430477142334,-400000.0625,-11194.1796875,-5779.27001953125,-400000.0625,-6392.18994140625,-400000.0625,-7401.08984375,-400000.0625
192.63455486297607,-400000.0625,-11218.8798828125,-5807.919921875,-400000.0625,-6421.3798828125,-400000.0625,-7425.60009765625,-400000.0625
192.6439287662506,-400000.0625,-11208.6796875,-5799.06005859375,-400000.0625,-6416.60986328125,-400000.0625,-7418.97021484375,-400000.0625
192.65288949012756,-400000.0625,-11178.1103515625,-5761.91015625,-400000.0625,-6376.64990234375,-400000.0625,-7389.93017578125,-400000.0625
192.7391881942749,-400000.0625,-11230.419921875,-5812.93017578125,-400000.0625,-6400.009765625,-400000.0625,-7425.5,-400000.0625
192.79384303092957,-400000.0625,-11196.4697265625,-5790.0,-400000.0625,-6386.419921875,-400000.0625,-7398.31982421875,-400000.0625
192.8574469089508,-400000.0625,-11171.76953125,-5763.580078125,-400000.0625,-6358.47998046875,-400000.0625,-7385.10986328125,-400000.0625
192.98509788513184,-400000.0625,-11216.5,-5806.64013671875,-400000.0625,-6410.02978515625,-400000.0625,-7423.740234375,-400000.0625
193.14152693748474,-400000.0625,-11186.509765625,-5773.97021484375,-400000.0625,-6382.56005859375,-400000.0625,-7400.080078125,-400000.0625
193.1956160068512,-400000.0625,-11157.3701171875,-5742.60009765625,-400000.0625,-6364.6298828125,-400000.0625,-7370.27978515625,-400000.0625
193.238343000412,-400000.0625,-11184.599609375,-5772.72998046875,-400000.0625,-6390.759765625,-400000.0625,-7398.7001953125,-400000.0625
193.3002049922943,-400000.0625,-11216.9296875,-5810.64013671875,-400000.0625,-6425.91015625,-400000.0625,-7422.2099609375,-400000.0625
193.44267892837524,-400000.0625,-11167.91015625,-5752.7998046875,-400000.0625,-6366.16015625,-400000.0625,-7373.43017578125,-400000.0625
193.49865317344666,-400000.0625,-11162.7099609375,-5749.75,-400000.0625,-6365.35009765625,-400000.0625,-7370.66015625,-400000.0625
193.62260246276855,-400000.0625,-11218.6396484375,-5814.60009765625,-400000.0625,-6421.0400390625,-400000.0625,-7422.16015625,-400000.0625
193.72247743606567,-400000.0625,-11216.2099609375,-5809.31005859375,-400000.0625,-6424.47998046875,-400000.0625,-7421.77978515625,-400000.0625
193.77915287017822,-400000.0625,-11177.9697265625,-5770.06005859375,-400000.0625,-6387.9501953125,-400000.0625,-7387.77978515625,-400000.0625
193.81900095939636,-400000.0625,-11170.25,-5750.22998046875,-400000.0625,-6364.77978515625,-400000.0625,-7368.66015625,-400000.0625
193.8937795162201,-400000.0625,-11191.7998046875,-5780.080078125,-400000.0625,-6392.9599609375,-400000.0625,-7391.31005859375,-400000.0625
193.94769263267517,-400000.0625,-11172.33984375,-5756.0,-400000.0625,-6362.25,-400000.0625,-7371.7099609375,-400000.0625
194.0867781639099,-400000.0625,-11187.7900390625,-5767.39013671875,-400000.0625,-6384.66015625,-400000.0625,-7391.5,-400000.0625
194.14174675941467,-400000.0625,-11173.919921875,-5746.02978515625,-400000.0625,-6364.35009765625,-400000.0625,-7370.85009765625,-400000.0625
194.26014804840088,-400000.0625,-11222.2197265625,-5803.39990234375,-400000.0625,-6420.419921875,-400000.0625,-7424.02001953125,-400000.0625
194.58627557754517,-400000.0625,-11231.23046875,-5792.52001953125,-400000.0625,-6424.0,-400000.0625,-7430.60009765625,-400000.0625
194.64516973495483,-400000.0625,-11237.4296875,-5795.14990234375,-400000.0625,-6424.85986328125,-400000.0625,-7434.66015625,-400000.0625
194.71140694618225,-400000.0625,-11213.6904296875,-5761.9599609375,-400000.0625,-6386.7099609375,-400000.0625,-7412.669921875,-400000.0625
194.73793983459473,-400000.0625,-11191.23046875,-5738.58984375,-400000.0625,-6363.8701171875,-400000.0625,-7392.41015625,-400000.0625
194.74383425712585,-400000.0625,-11209.2001953125,-5759.240234375,-400000.0625,-6384.419921875,-400000.0625,-7407.85986328125,-400000.0625
194.75195288658142,-400000.0625,-11240.099609375,-5790.66015625,-400000.0625,-6416.0400390625,-400000.0625,-7436.89990234375,-400000.0625
194.75947189331055,-400000.0625,-11240.33984375,-5791.43017578125,-400000.0625,-6422.85009765625,-400000.0625,-7439.3798828125,-400000.0625
194.76760530471802,-400000.0625,-11208.5400390625,-5758.10009765625,-400000.0625,-6390.759765625,-400000.0625,-7411.0498046875,-400000.0625
194.77385115623474,-400000.0625,-11187.41015625,-5732.10986328125,-400000.0625,-6364.72998046875,-400000.0625,-7391.31005859375,-400000.0625
194.78116011619568,-400000.0625,-11206.91015625,-5753.330078125,-400000.0625,-6382.66015625,-400000.0625,-7406.66015625,-400000.0625
194.79019331932068,-400000.0625,-11234.6201171875,-5785.66015625,-400000.0625,-6419.75,-400000.0625,-7437.18017578125,-400000.0625
194.79785871505737,-400000.0625,-11238.5302734375,-5789.81005859375,-400000.0625,-6426.2900390625,-400000.0625,-7444.56982421875,-400000.0625
194.8047707080841,-400000.0625,-11209.919921875,-5757.759765625,-400000.0625,-6385.419921875,-400000.0625,-7413.10009765625,-400000.0625
194.81104731559753,-400000.0625,-11188.9404296875,-5732.81982421875,-400000.0625,-6359.85986328125,-400000.0625,-7392.4599609375,-400000.0625
194.82093787193298,-400000.0625,-11206.099609375,-5751.89990234375,-400000.0625,-6382.66015625,-400000.0625,-7409.0,-400000.0625
194.84312415122986,-400000.0625,-11233.6201171875,-5783.64990234375,-400000.0625,-6414.509765625,-400000.0625,-7433.93994140625,-400000.0625
194.85160994529724,-400000.0625,-11236.9599609375,-5788.27978515625,-400000.0625,-6414.990234375,-400000.0625,-7439.7099609375,-400000.0625
194.86269783973694,-400000.0625,-11205.5302734375,-5751.52001953125,-400000.0625,-6384.56005859375,-400000.0625,-7413.91015625,-400000.0625
194.87454771995544,-400000.0625,-11182.9296875,-5728.2900390625,-400000.0625,-6364.06005859375,-400000.0625,-7386.39990234375,-400000.0625
194.8896861076355,-400000.0625,-11202.8095703125,-5751.60986328125,-400000.0625,-6383.990234375,-400000.0625,-7405.14013671875,-400000.0625
194.89767169952393,-400000.0625,-11232.1396484375,-5783.080078125,-400000.0625,-6415.7998046875,-400000.0625,-7436.47021484375,-400000.0625
194.90720224380493,-400000.0625,-11238.5302734375,-5789.85009765625,-400000.0625,-6420.9501953125,-400000.0625,-7440.56982421875,-400000.0625
194.91617894172668,-400000.0625,-11208.1103515625,-5758.669921875,-400000.0625,-6385.990234375,-400000.0625,-7414.68017578125,-400000.0625
194.9277036190033,-400000.0625,-11186.3095703125,-5731.2001953125,-400000.0625,-6358.580078125,-400000.0625,-7392.93017578125,-400000.0625
194.95581436157227,-400000.0625,-11206.099609375,-5748.7001953125,-400000.0625,-6381.419921875,-400000.0625,-7411.33984375,-400000.0625
194.9640142917633,-400000.0625,-11238.4296875,-5783.89013671875,-400000.0625,-6414.509765625,-400000.0625,-7439.52001953125,-400000.0625
194.9721658229828,-400000.0625,-11243.76953125,-5789.47021484375,-400000.0625,-6418.66015625,-400000.0625,-7443.14013671875,-400000.0625
194.98012280464172,-400000.0625,-11214.400390625,-5756.6201171875,-400000.0625,-6387.81005859375,-400000.0625,-7413.669921875,-400000.0625
194.99220085144043,-400000.0625,-11187.5498046875,-5729.2001953125,-400000.0625,-6366.919921875,-400000.0625,-7392.68994140625,-400000.0625
195.00131821632385,-400000.0625,-11204.8603515625,-5751.22998046875,-400000.0625,-6385.14013671875,-400000.0625,-7412.0498046875,-400000.0625
195.0085096359253,-400000.0625,-11241.3896484375,-5787.66015625,-400000.0625,-6413.31982421875,-400000.0625,-7442.56982421875,-400000.0625
195.02545142173767,-400000.0625,-11242.580078125,-5790.43017578125,-400000.0625,-6413.56005859375,-400000.0625,-7444.240234375,-400000.0625
195.03468656539917,-400000.0625,-11210.16015625,-5755.3798828125,-400000.0625,-6386.14013671875,-400000.0625,-7417.2001953125,-400000.0625
195.05931878089905,-400000.0625,-11190.990234375,-5729.2900390625,-400000.0625,-6362.8701171875,-400000.0625,-7397.27001953125,-400000.0625
195.0691123008728,-400000.0625,-11214.349609375,-5750.93994140625,-400000.0625,-6381.7001953125,-400000.0625,-7413.47998046875,-400000.0625
195.0769374370575,-400000.0625,-11245.25,-5784.75,-400000.0625,-6415.31982421875,-400000.0625,-7441.3798828125,-400000.0625
195.0877275466919,-400000.0625,-11245.009765625,-5787.89990234375,-400000.0625,-6419.47021484375,-400000.0625,-7444.52978515625,-400000.0625
195.09744143486023,-400000.0625,-11216.259765625,-5755.85009765625,-400000.0625,-6385.60986328125,-400000.0625,-7417.8701171875,-400000.0625
195.10559821128845,-400000.0625,-11191.1796875,-5729.6298828125,-400000.0625,-6357.669921875,-400000.0625,-7395.22021484375,-400000.0625
195.11447978019714,-400000.0625,-11210.4404296875,-5748.4599609375,-400000.0625,-6379.4599609375,-400000.0625,-7411.240234375,-400000.0625
195.12641978263855,-400000.0625,-11240.669921875,-5783.02978515625,-400000.0625,-6413.83984375,-400000.0625,-7439.27978515625,-400000.0625
195.1344997882843,-400000.0625,-11247.58984375,-5791.0,-400000.0625,-6417.66015625,-400000.0625,-7444.18994140625,-400000.0625
195.14122009277344,-400000.0625,-11212.919921875,-5756.0498046875,-400000.0625,-6385.52001953125,-400000.0625,-7417.2998046875,-400000.0625
195.1682105064392,-400000.0625,-11189.5595703125,-5729.490234375,-400000.0625,-6357.2900390625,-400000.0625,-7393.7900390625,-400000.0625
195.232506275177,-400000.0625,-11248.2099609375,-5781.22021484375,-400000.0625,-6409.5498046875,-400000.0625,-7441.56982421875,-400000.0625
195.2899947166443,-400000.0625,-11249.7802734375,-5784.18017578125,-400000.0625,-6409.97998046875,-400000.0625,-7442.52001953125,-400000.0625
195.3489580154419,-400000.0625,-11224.1298828125,-5750.60986328125,-400000.0625,-6385.66015625,-400000.0625,-7423.1201171875,-400000.0625
195.48951363563538,-400000.0625,-11241.25,-5770.77978515625,-400000.0625,-6404.8798828125,-400000.0625,-7429.89013671875,-400000.0625
195.5575041770935,-400000.0625,-11238.1904296875,-5768.39990234375,-400000.0625,-6403.830078125,-400000.0625,-7436.7099609375,-400000.0625
195.67047500610352,-400000.0625,-11219.1201171875,-5741.8798828125,-400000.0625,-6373.97998046875,-400000.0625,-7412.9599609375,-400000.0625
195.75314736366272,-400000.0625,-11214.4501953125,-5735.8701171875,-400000.0625,-6360.8701171875,-400000.0625,-7406.18994140625,-400000.0625
195.80608463287354,-400000.0625,-11215.9697265625,-5729.10009765625,-400000.0625,-6356.759765625,-400000.0625,-7409.43017578125,-400000.0625
195.86380672454834,-400000.0625,-11246.4404296875,-5760.9599609375,-400000.0625,-6395.0498046875,-400000.0625,-7438.56982421875,-400000.0625
195.99359273910522,-400000.0625,-11215.400390625,-5726.669921875,-400000.0625,-6368.06982421875,-400000.0625,-7426.5498046875,-400000.0625
196.06366753578186,-400000.0625,-11186.1201171875,-5699.25,-400000.0625,-6347.0400390625,-400000.0625,-7398.4599609375,-400000.0625
196.11770367622375,-400000.0625,-11238.5302734375,-5743.93017578125,-400000.0625,-6382.75,-400000.0625,-7436.56005859375,-400000.0625
196.2842161655426,-400000.0625,-11256.26953125,-5763.6298828125,-400000.0625,-6402.68017578125,-400000.0625,-7438.990234375,-400000.0625
196.31125473976135,-400000.0625,-11198.6201171875,-5698.490234375,-400000.0625,-6339.5498046875,-400000.0625,-7381.8701171875,-400000.0625
196.44540095329285,-400000.0625,-11241.6298828125,-5750.85009765625,-400000.0625,-6379.7998046875,-400000.0625,-7419.10986328125,-400000.0625
196.50054144859314,-400000.0625,-11256.7001953125,-5765.14990234375,-400000.0625,-6397.919921875,-400000.0625,-7420.35009765625,-400000.0625
196.5650224685669,-400000.0625,-11250.259765625,-5757.669921875,-400000.0625,-6399.72998046875,-400000.0625,-7420.25,-400000.0625
196.66770672798157,-400000.0625,-11231.1904296875,-5736.97021484375,-400000.0625,-6372.8798828125,-400000.0625,-7399.27001953125,-400000.0625
196.7561604976654,-400000.0625,-11205.91015625,-5704.4501953125,-400000.0625,-6343.64990234375,-400000.0625,-7371.52001953125,-400000.0625
196.88897609710693,-400000.0625,-11245.9697265625,-5748.60986328125,-400000.0625,-6396.72021484375,-400000.0625,-7410.72021484375,-400000.0625
196.94963550567627,-400000.0625,-11232.0400390625,-5725.33984375,-400000.0625,-6373.02001953125,-400000.0625,-7391.31005859375,-400000.0625
197.03138136863708,-400000.0625,-11202.0498046875,-5692.91015625,-400000.0625,-6341.31982421875,-400000.0625,-7355.830078125,-400000.0625
197.1453537940979,-400000.0625,-11258.41015625,-5753.47021484375,-400000.0625,-6401.490234375,-400000.0625,-7417.919921875,-400000.0625
197.20506715774536,-400000.0625,-11259.83984375,-5751.75,-400000.0625,-6398.8701171875,-400000.0625,-7421.39990234375,-400000.0625
197.21710205078125,-400000.0625,-11236.240234375,-5723.18994140625,-400000.0625,-6374.35986328125,-400000.0625,-7395.1298828125,-400000.0625
197.23030757904053,-400000.0625,-11204.48046875,-5693.8701171875,-400000.0625,-6342.35986328125,-400000.0625,-7368.18017578125,-400000.0625
197.23989534378052,-400000.0625,-11213.73046875,-5704.8798828125,-400000.0625,-6353.9501953125,-400000.0625,-7372.0,-400000.0625
197.24912428855896,-400000.0625,-11246.400390625,-5742.06982421875,-400000.0625,-6390.47998046875,-400000.0625,-7405.330078125,-400000.0625
197.27613377571106,-400000.0625,-11261.849609375,-5758.52001953125,-400000.0625,-6406.16015625,-400000.0625,-7418.490234375,-400000.0625
197.2873511314392,-400000.0625,-11240.0498046875,-5732.06005859375,-400000.0625,-6376.4599609375,-400000.0625,-7395.89013671875,-400000.0625
197.29617714881897,-400000.0625,-11214.830078125,-5703.93017578125,-400000.0625,-6347.18017578125,-400000.0625,-7369.14013671875,-400000.0625
197.30519461631775,-400000.0625,-11223.75,-5709.1201171875,-400000.0625,-6355.9501953125,-400000.0625,-7375.47998046875,-400000.0625
197.31459879875183,-400000.0625,-11254.259765625,-5741.5498046875,-400000.0625,-6393.39013671875,-400000.0625,-7407.47998046875,-400000.0625
197.32518911361694,-400000.0625,-11264.990234375,-5756.9501953125,-400000.0625,-6407.02001953125,-400000.0625,-7421.97021484375,-400000.0625
197.33527660369873,-400000.0625,-11243.6298828125,-5732.68017578125,-400000.0625,-6376.35986328125,-400000.0625,-7398.56005859375,-400000.0625
197.34272646903992,-400000.0625,-11211.6796875,-5699.919921875,-400000.0625,-6342.7001953125,-400000.0625,-7370.3798828125,-400000.0625
197.3512692451477,-400000.0625,-11215.1201171875,-5703.35009765625,-400000.0625,-6351.27978515625,-400000.0625,-7378.6298828125,-400000.0625
197.37960362434387,-400000.0625,-11249.8798828125,-5739.169921875,-400000.0625,-6387.330078125,-400000.0625,-7406.08984375,-400000.0625
197.39100623130798,-400000.0625,-11264.0400390625,-5752.66015625,-400000.0625,-6401.02001953125,-400000.0625,-7417.25,-400000.0625
197.39898419380188,-400000.0625,-11235.0498046875,-5721.89990234375,-400000.0625,-6369.68994140625,-400000.0625,-7393.1201171875,-400000.0625
197.40583205223083,-400000.0625,-11208.009765625,-5692.39013671875,-400000.0625,-6344.02978515625,-400000.0625,-7364.4599609375,-400000.0625
197.41407585144043,-400000.0625,-11210.7802734375,-5701.919921875,-400000.0625,-6355.47998046875,-400000.0625,-7372.52001953125,-400000.0625
197.42587089538574,-400000.0625,-11246.25,-5739.64013671875,-400000.0625,-6389.89990234375,-400000.0625,-7404.330078125,-400000.0625
197.43303275108337,-400000.0625,-11263.66015625,-5752.56005859375,-400000.0625,-6398.009765625,-400000.0625,-7418.2001953125,-400000.0625
197.43961715698242,-400000.0625,-11242.25,-5726.10009765625,-400000.0625,-6369.77978515625,-400000.0625,-7396.64990234375,-400000.0625
197.4462432861328,-400000.0625,-11217.7900390625,-5699.06005859375,-400000.0625,-6344.509765625,-400000.0625,-7371.0498046875,-400000.0625
197.4570586681366,-400000.0625,-11225.6103515625,-5707.169921875,-400000.0625,-6350.14013671875,-400000.0625,-7375.6201171875,-400000.0625
197.48112177848816,-400000.0625,-11256.509765625,-5743.93017578125,-400000.0625,-6384.7099609375,-400000.0625,-7407.47998046875,-400000.0625
197.49142265319824,-400000.0625,-11268.8603515625,-5759.56982421875,-400000.0625,-6404.93017578125,-400000.0625,-7421.72998046875,-400000.0625
197.50023007392883,-400000.0625,-11242.2998046875,-5730.919921875,-400000.0625,-6375.83984375,-400000.0625,-7396.169921875,-400000.0625
197.50802516937256,-400000.0625,-11216.58984375,-5699.39990234375,-400000.0625,-6342.22021484375,-400000.0625,-7370.330078125,-400000.0625
197.51764583587646,-400000.0625,-11222.9404296875,-5708.080078125,-400000.0625,-6351.759765625,-400000.0625,-7378.77001953125,-400000.0625
197.52728033065796,-400000.0625,-11251.6904296875,-5743.35986328125,-400000.0625,-6383.27978515625,-400000.0625,-7412.240234375,-400000.0625
197.5350260734558,-400000.0625,-11270.48046875,-5760.14990234375,-400000.0625,-6401.39990234375,-400000.0625,-7424.77978515625,-400000.0625
197.54244184494019,-400000.0625,-11250.5400390625,-5735.97021484375,-400000.0625,-6374.7900390625,-400000.0625,-7404.14013671875,-400000.0625
197.55228900909424,-400000.0625,-11225.0302734375,-5706.41015625,-400000.0625,-6341.5498046875,-400000.0625,-7377.9599609375,-400000.0625
197.56187105178833,-400000.0625,-11226.0400390625,-5710.7900390625,-400000.0625,-6350.89990234375,-400000.0625,-7385.35009765625,-400000.0625
197.5917763710022,-400000.0625,-11258.650390625,-5744.35986328125,-400000.0625,-6389.0,-400000.0625,-7415.9599609375,-400000.0625
197.5989921092987,-400000.0625,-11269.759765625,-5758.9501953125,-400000.0625,-6403.72998046875,-400000.0625,-7428.93017578125,-400000.0625
197.60627388954163,-400000.0625,-11249.1103515625,-5734.2998046875,-400000.0625,-6380.1298828125,-400000.0625,-7403.18017578125,-400000.0625
197.6138620376587,-400000.0625,-11216.3095703125,-5703.8798828125,-400000.0625,-6344.1298828125,-400000.0625,-7375.3798828125,-400000.0625
197.62370252609253,-400000.0625,-11218.599609375,-5707.35986328125,-400000.0625,-6347.7001953125,-400000.0625,-7379.009765625,-400000.0625
197.63225507736206,-400000.0625,-11249.6904296875,-5740.5498046875,-400000.0625,-6377.41015625,-400000.0625,-7412.43017578125,-400000.0625
197.63956832885742,-400000.0625,-11273.240234375,-5761.18994140625,-400000.0625,-6393.33984375,-400000.0625,-7428.41015625,-400000.0625
197.64884042739868,-400000.0625,-11253.8798828125,-5734.490234375,-400000.0625,-6377.4599609375,-400000.0625,-7405.759765625,-400000.0625
197.65973806381226,-400000.0625,-11228.51953125,-5705.2099609375,-400000.0625,-6349.52001953125,-400000.0625,-7378.39013671875,-400000.0625
197.6693651676178,-400000.0625,-11231.4697265625,-5708.7001953125,-400000.0625,-6354.18994140625,-400000.0625,-7380.81982421875,-400000.0625
197.7466139793396,-400000.0625,-11284.8798828125,-5765.009765625,-400000.0625,-6391.14013671875,-400000.0625,-7422.830078125,-400000.0625
197.7800271511078,-400000.0625,-11258.080078125,-5738.5498046875,-400000.0625,-6374.169921875,-400000.0625,-7398.89013671875,-400000.0625
197.90867495536804,-400000.0625,-11231.849609375,-5708.64990234375,-400000.0625,-6344.7998046875,-400000.0625,-7368.27978515625,-400000.0625
197.98543095588684,-400000.0625,-11235.5703125,-5718.759765625,-400000.0625,-6342.93994140625,-400000.0625,-7376.85986328125,-400000.0625
198.03634524345398,-400000.0625,-11275.150390625,-5760.0498046875,-400000.0625,-6379.89013671875,-400000.0625,-7413.009765625,-400000.0625
198.138827085495,-400000.0625,-11272.669921875,-5755.89990234375,-400000.0625,-6376.83984375,-400000.0625,-7413.009765625,-400000.0625
198.17003679275513,-400000.0625,-11280.8203125,-5773.31005859375,-400000.0625,-6388.6201171875,-400000.0625,-7414.2900390625,-400000.0625
198.26133465766907,-400000.0625,-11262.9404296875,-5753.47021484375,-400000.0625,-6367.490234375,-400000.0625,-7395.93994140625,-400000.0625
198.30146980285645,-400000.0625,-11236.0,-5720.56982421875,-400000.0625,-6340.22021484375,-400000.0625,-7369.7099609375,-400000.0625
198.35634207725525,-400000.0625,-11230.990234375,-5708.60009765625,-400000.0625,-6323.91015625,-400000.0625,-7387.58984375,-400000.0625
198.42260551452637,-400000.0625,-11290.83984375,-5769.2099609375,-400000.0625,-6397.2998046875,-400000.0625,-7439.330078125,-400000.0625
198.5012788772583,-400000.0625,-11267.0400390625,-5741.22021484375,-400000.0625,-6363.81982421875,-400000.0625,-7416.81982421875,-400000.0625
198.54889130592346,-400000.0625,-11272.7197265625,-5748.56005859375,-400000.0625,-6365.490234375,-400000.0625,-7413.33984375,-400000.0625
198.74738311767578,-400000.0625,-11283.58984375,-5764.490234375,-400000.0625,-6366.2099609375,-400000.0625,-7415.6298828125,-400000.0625
198.8049192428589,-400000.0625,-11302.759765625,-5793.52001953125,-400000.0625,-6388.7099609375,-400000.0625,-7431.1298828125,-400000.0625
198.89754509925842,-400000.0625,-11279.9697265625,-5766.8701171875,-400000.0625,-6359.91015625,-400000.0625,-7403.14013671875,-400000.0625
198.95063471794128,-400000.0625,-11249.6396484375,-5728.2001953125,-400000.0625,-6331.97021484375,-400000.0625,-7396.169921875,-400000.0625
199.00868034362793,-400000.0625,-11251.98046875,-5723.759765625,-400000.0625,-6334.97021484375,-400000.0625,-7395.35986328125,-400000.0625
199.06834030151367,-400000.0625,-11280.0595703125,-5759.56982421875,-400000.0625,-6364.81982421875,-400000.0625,-7426.35986328125,-400000.0625
199.14551329612732,-400000.0625,-11312.25,-5780.75,-400000.0625,-6378.080078125,-400000.0625,-7451.10986328125,-400000.0625
199.23015117645264,-400000.0625,-11291.740234375,-5768.6298828125,-400000.0625,-6364.6298828125,-400000.0625,-7426.830078125,-400000.0625
199.25628876686096,-400000.0625,-11265.7998046875,-5740.169921875,-400000.0625,-6330.490234375,-400000.0625,-7399.419921875,-400000.0625
199.33789730072021,-400000.0625,-11263.2802734375,-5738.77978515625,-400000.0625,-6335.830078125,-400000.0625,-7395.93994140625,-400000.0625
199.44546723365784,-400000.0625,-11298.4697265625,-5777.22021484375,-400000.0625,-6369.72998046875,-400000.0625,-7435.18017578125,-400000.0625
199.51200222969055,-400000.0625,-11311.3896484375,-5779.02978515625,-400000.0625,-6355.72021484375,-400000.0625,-7442.759765625,-400000.0625
199.59741926193237,-400000.0625,-11670.5,-5948.1201171875,-400000.0625,-6222.009765625,-400000.0625,-7577.31982421875,-400000.0625
199.64906072616577,-400000.0625,-11551.0,-5888.509765625,-400000.0625,-6246.66015625,-400000.0625,-7525.77978515625,-400000.0625
199.70503664016724,-400000.0625,-11371.330078125,-5826.240234375,-400000.0625,-6335.93017578125,-400000.0625,-7468.27001953125,-400000.0625
199.7311282157898,-400000.0625,-11383.8203125,-5844.06982421875,-400000.0625,-6360.580078125,-400000.0625,-7486.81982421875,-400000.0625
199.7391333580017,-400000.0625,-11358.4501953125,-5821.7099609375,-400000.0625,-6345.3701171875,-400000.0625,-7469.64990234375,-400000.0625
199.7466549873352,-400000.0625,-11321.58984375,-5782.93994140625,-400000.0625,-6309.18017578125,-400000.0625,-7437.3701171875,-400000.0625
199.75510025024414,-400000.0625,-11310.76953125,-5773.740234375,-400000.0625,-6311.1298828125,-400000.0625,-7430.31982421875,-400000.0625
199.76282835006714,-400000.0625,-11336.51953125,-5807.830078125,-400000.0625,-6352.52001953125,-400000.0625,-7459.5498046875,-400000.0625
199.7715094089508,-400000.0625,-11354.400390625,-5826.27978515625,-400000.0625,-6374.06982421875,-400000.0625,-7477.18994140625,-400000.0625
199.77936840057373,-400000.0625,-11329.2197265625,-5803.6298828125,-400000.0625,-6348.93994140625,-400000.0625,-7457.97021484375,-400000.0625
199.79161930084229,-400000.0625,-11299.08984375,-5771.35009765625,-400000.0625,-6317.0,-400000.0625,-7429.5498046875,-400000.0625
199.80161333084106,-400000.0625,-11294.080078125,-5764.580078125,-400000.0625,-6317.3798828125,-400000.0625,-7424.16015625,-400000.0625
199.8121633529663,-400000.0625,-11324.8798828125,-5799.25,-400000.0625,-6353.669921875,-400000.0625,-7451.43994140625,-400000.0625
199.84257793426514,-400000.0625,-11342.8603515625,-5819.0400390625,-400000.0625,-6372.5498046875,-400000.0625,-7470.93994140625,-400000.0625
199.8536560535431,-400000.0625,-11316.6298828125,-5797.91015625,-400000.0625,-6351.85009765625,-400000.0625,-7452.8701171875,-400000.0625
199.86565279960632,-400000.0625,-11281.919921875,-5761.47998046875,-400000.0625,-6318.89990234375,-400000.0625,-7421.2099609375,-400000.0625
199.87623763084412,-400000.0625,-11277.8701171875,-5755.6201171875,-400000.0625,-6317.0,-400000.0625,-7414.25,-400000.0625
199.89002585411072,-400000.0625,-11308.240234375,-5790.27978515625,-400000.0625,-6352.0,-400000.0625,-7447.33984375,-400000.0625
199.9008388519287,-400000.0625,-11326.41015625,-5811.93017578125,-400000.0625,-6374.31005859375,-400000.0625,-7461.169921875,-400000.0625
199.90882277488708,-400000.0625,-11309.0498046875,-5797.0498046875,-400000.0625,-6360.47998046875,-400000.0625,-7444.240234375,-400000.0625
199.9210705757141,-400000.0625,-11277.8203125,-5759.43017578125,-400000.0625,-6328.43994140625,-400000.0625,-7419.77978515625,-400000.0625
199.942715883255,-400000.0625,-11275.91015625,-5755.81005859375,-400000.0625,-6323.2900390625,-400000.0625,-7416.919921875,-400000.0625
199.95301294326782,-400000.0625,-11309.669921875,-5788.52001953125,-400000.0625,-6355.6201171875,-400000.0625,-7443.56982421875,-400000.0625
199.96394777297974,-400000.0625,-11327.8896484375,-5811.5,-400000.0625,-6375.5,-400000.0625,-7466.64990234375,-400000.0625
199.97348546981812,-400000.0625,-11306.6201171875,-5792.08984375,-400000.0625,-6356.2900390625,-400000.0625,-7446.91015625,-400000.0625
199.9842712879181,-400000.0625,-11275.669921875,-5759.0498046875,-400000.0625,-6324.85986328125,-400000.0625,-7414.39013671875,-400000.0625
199.99535536766052,-400000.0625,-11272.7197265625,-5755.22998046875,-400000.0625,-6324.81982421875,-400000.0625,-7408.240234375,-400000.0625
200.00444555282593,-400000.0625,-11302.66015625,-5789.330078125,-400000.0625,-6357.77001953125,-400000.0625,-7439.52001953125,-400000.0625
200.01425647735596,-400000.0625,-11324.2197265625,-5810.830078125,-400000.0625,-6379.64990234375,-400000.0625,-7459.97998046875,-400000.0625
200.02510619163513,-400000.0625,-11308.0,-5793.10009765625,-400000.0625,-6362.52978515625,-400000.0625,-7444.85986328125,-400000.0625
200.0508496761322,-400000.0625,-11274.48046875,-5758.91015625,-400000.0625,-6330.8701171875,-400000.0625,-7412.33984375,-400000.0625
200.06118416786194,-400000.0625,-11270.6201171875,-5750.7998046875,-400000.0625,-6322.580078125,-400000.0625,-7411.91015625,-400000.0625
200.07206988334656,-400000.0625,-11301.900390625,-5782.02978515625,-400000.0625,-6352.22998046875,-400000.0625,-7443.0,-400000.0625
200.08079051971436,-400000.0625,-11323.1201171875,-5808.2099609375,-400000.0625,-6377.169921875,-400000.0625,-7461.97998046875,-400000.0625
200.09463334083557,-400000.0625,-11304.2802734375,-5790.81005859375,-400000.0625,-6362.06005859375,-400000.0625,-7442.330078125,-400000.0625
200.10345029830933,-400000.0625,-11274.3896484375,-5756.0,-400000.0625,-6330.35009765625,-400000.0625,-7413.72021484375,-400000.0625
200.11107063293457,-400000.0625,-11268.759765625,-5747.89013671875,-400000.0625,-6322.85986328125,-400000.0625,-7408.2900390625,-400000.0625
200.12444615364075,-400000.0625,-11295.990234375,-5780.7900390625,-400000.0625,-6350.66015625,-400000.0625,-7439.419921875,-400000.0625
200.13337182998657,-400000.0625,-11321.830078125,-5806.919921875,-400000.0625,-6375.31005859375,-400000.0625,-7463.27001953125,-400000.0625
200.1616814136505,-400000.0625,-11303.240234375,-5787.66015625,-400000.0625,-6358.47998046875,-400000.0625,-7449.14990234375,-400000.0625
200.1706781387329,-400000.0625,-11275.8203125,-5756.66015625,-400000.0625,-6329.72998046875,-400000.0625,-7417.25,-400000.0625
200.2133595943451,-400000.0625,-11266.900390625,-5755.14013671875,-400000.0625,-6325.43994140625,-400000.0625,-7415.580078125,-400000.0625
200.31457662582397,-400000.0625,-11268.08984375,-5755.27978515625,-400000.0625,-6323.47998046875,-400000.0625,-7408.56982421875,-400000.0625
200.486882686615,-400000.0625,-11296.849609375,-5792.56982421875,-400000.0625,-6362.2998046875,-400000.0625,-7445.18994140625,-400000.0625
200.53747296333313,-400000.0625,-11271.759765625,-5760.6201171875,-400000.0625,-6328.919921875,-400000.0625,-7414.68017578125,-400000.0625
200.5969944000244,-400000.0625,-11302.759765625,-5797.0498046875,-400000.0625,-6358.669921875,-400000.0625,-7442.43017578125,-400000.0625
200.70603704452515,-400000.0625,-11298.3203125,-5794.10009765625,-400000.0625,-6358.47998046875,-400000.0625,-7440.89990234375,-400000.0625
200.85382795333862,-400000.0625,-11268.5703125,-5771.259765625,-400000.0625,-6331.72998046875,-400000.0625,-7420.919921875,-400000.0625
200.9239456653595,-400000.0625,-11254.83984375,-5757.330078125,-400000.0625,-6325.6298828125,-400000.0625,-7403.56982421875,-400000.0625
200.9962854385376,-400000.0625,-11322.5498046875,-5828.240234375,-400000.0625,-6387.52001953125,-400000.0625,-7461.1201171875,-400000.0625
201.07247853279114,-400000.0625,-11325.3095703125,-5831.2900390625,-400000.0625,-6384.330078125,-400000.0625,-7464.22021484375,-400000.0625
201.19248723983765,-400000.0625,-11274.2900390625,-5778.740234375,-400000.0625,-6332.68017578125,-400000.0625,-7412.43017578125,-400000.0625
201.24625325202942,-400000.0625,-11290.0703125,-5797.580078125,-400000.0625,-6351.60986328125,-400000.0625,-7434.31982421875,-400000.0625
201.57513809204102,-400000.0625,-11260.83984375,-5768.10986328125,-400000.0625,-6319.3798828125,-400000.0625,-7411.47998046875,-400000.0625
201.63424634933472,-400000.0625,-11298.23046875,-5805.2998046875,-400000.0625,-6354.759765625,-400000.0625,-7432.41015625,-400000.0625
201.69046902656555,-400000.0625,-11316.2998046875,-5833.52978515625,-400000.0625,-6381.509765625,-400000.0625,-7457.58984375,-400000.0625
201.75034356117249,-400000.0625,-11307.76953125,-5813.06982421875,-400000.0625,-6360.14990234375,-400000.0625,-7450.2001953125,-400000.0625
201.81382036209106,-400000.0625,-11274.8603515625,-5783.3701171875,-400000.0625,-6321.2900390625,-400000.0625,-7404.85009765625,-400000.0625
201.89157128334045,-400000.0625,-11307.8095703125,-5812.41015625,-400000.0625,-6344.75,-400000.0625,-7440.419921875,-400000.0625
201.9437198638916,-400000.0625,-11303.1396484375,-5807.97021484375,-400000.0625,-6344.27001953125,-400000.0625,-7437.330078125,-400000.0625
202.00988459587097,-400000.0625,-11320.0703125,-5829.3798828125,-400000.0625,-6375.080078125,-400000.0625,-7458.97021484375,-400000.0625
202.1025528907776,-400000.0625,-11314.009765625,-5826.330078125,-400000.0625,-6364.16015625,-400000.0625,-7451.8701171875,-400000.0625
202.16534614562988,-400000.0625,-11271.91015625,-5781.7001953125,-400000.0625,-6316.89990234375,-400000.0625,-7413.43994140625,-400000.0625
202.19762778282166,-400000.0625,-11284.919921875,-5789.81005859375,-400000.0625,-6317.0400390625,-400000.0625,-7416.5400390625,-400000.0625
202.20683121681213,-400000.0625,-11314.4404296875,-5823.47021484375,-400000.0625,-6348.22998046875,-400000.0625,-7444.9501953125,-400000.0625
202.23376202583313,-400000.0625,-11336.4697265625,-5851.1298828125,-400000.0625,-6370.64013671875,-400000.0625,-7471.509765625,-400000.0625
202.24158883094788,-400000.0625,-11326.599609375,-5836.81982421875,-400000.0625,-6360.81982421875,-400000.0625,-7459.93017578125,-400000.0625
202.25084614753723,-400000.0625,-11290.26953125,-5800.33984375,-400000.0625,-6332.64013671875,-400000.0625,-7431.64990234375,-400000.0625
202.2620677947998,-400000.0625,-11276.4404296875,-5789.18994140625,-400000.0625,-6323.2900390625,-400000.0625,-7424.64013671875,-400000.0625
202.27160811424255,-400000.0625,-11305.6201171875,-5819.75,-400000.0625,-6354.0,-400000.0625,-7448.240234375,-400000.0625
202.28106307983398,-400000.0625,-11333.3203125,-5843.39990234375,-400000.0625,-6379.080078125,-400000.0625,-7468.56005859375,-400000.0625
202.2928340435028,-400000.0625,-11322.2099609375,-5832.52978515625,-400000.0625,-6360.8701171875,-400000.0625,-7458.8798828125,-400000.0625
202.30171084403992,-400000.0625,-11295.650390625,-5799.9599609375,-400000.0625,-6322.580078125,-400000.0625,-7432.31982421875,-400000.0625
202.30922532081604,-400000.0625,-11284.6396484375,-5790.9501953125,-400000.0625,-6311.85009765625,-400000.0625,-7421.919921875,-400000.0625
202.34106874465942,-400000.0625,-11310.48046875,-5818.18017578125,-400000.0625,-6346.75,-400000.0625,-7447.81982421875,-400000.0625
202.3516218662262,-400000.0625,-11334.0400390625,-5843.58984375,-400000.0625,-6372.06982421875,-400000.0625,-7469.4599609375,-400000.0625
202.36311626434326,-400000.0625,-11321.830078125,-5830.81005859375,-400000.0625,-6364.2998046875,-400000.0625,-7457.16015625,-400000.0625
202.3728597164154,-400000.0625,-11289.3095703125,-5797.240234375,-400000.0625,-6333.68994140625,-400000.0625,-7427.97998046875,-400000.0625
202.383713722229,-400000.0625,-11277.580078125,-5785.89990234375,-400000.0625,-6316.0400390625,-400000.0625,-7416.2998046875,-400000.0625
202.39514923095703,-400000.0625,-11311.6298828125,-5817.93994140625,-400000.0625,-6346.89013671875,-400000.0625,-7443.0,-400000.0625
202.40371322631836,-400000.0625,-11337.849609375,-5846.35986328125,-400000.0625,-6379.22021484375,-400000.0625,-7470.0400390625,-400000.0625
202.4132719039917,-400000.0625,-11329.3203125,-5833.43994140625,-400000.0625,-6365.39990234375,-400000.0625,-7457.77978515625,-400000.0625
202.44216299057007,-400000.0625,-11292.169921875,-5795.91015625,-400000.0625,-6325.8701171875,-400000.0625,-7423.830078125,-400000.0625
202.45224928855896,-400000.0625,-11279.5400390625,-5785.31982421875,-400000.0625,-6314.3701171875,-400000.0625,-7412.14990234375,-400000.0625
202.46271395683289,-400000.0625,-11304.669921875,-5815.5498046875,-400000.0625,-6344.990234375,-400000.0625,-7438.27978515625,-400000.0625
202.4713740348816,-400000.0625,-11334.0400390625,-5844.259765625,-400000.0625,-6371.5,-400000.0625,-7463.27001953125,-400000.0625
202.47899794578552,-400000.0625,-11320.4501953125,-5830.81005859375,-400000.0625,-6366.2099609375,-400000.0625,-7452.77001953125,-400000.0625
202.49175310134888,-400000.0625,-11289.5,-5795.43017578125,-400000.0625,-6334.58984375,-400000.0625,-7423.35009765625,-400000.0625
202.50381207466125,-400000.0625,-11281.1103515625,-5785.93994140625,-400000.0625,-6318.9501953125,-400000.0625,-7413.009765625,-400000.0625
202.5139079093933,-400000.0625,-11309.8603515625,-5818.93994140625,-400000.0625,-6351.08984375,-400000.0625,-7440.3798828125,-400000.0625
202.56379342079163,-400000.0625,-11334.849609375,-5843.58984375,-400000.0625,-6377.41015625,-400000.0625,-7465.64990234375,-400000.0625
202.57300758361816,-400000.0625,-11321.0703125,-5831.2900390625,-400000.0625,-6361.72021484375,-400000.0625,-7456.10986328125,-400000.0625
202.58160662651062,-400000.0625,-11291.4599609375,-5797.43017578125,-400000.0625,-6327.33984375,-400000.0625,-7426.4501953125,-400000.0625
202.5963635444641,-400000.0625,-11285.58984375,-5786.93994140625,-400000.0625,-6317.9501953125,-400000.0625,-7418.16015625,-400000.0625
202.60599398612976,-400000.0625,-11313.1103515625,-5819.0400390625,-400000.0625,-6348.60986328125,-400000.0625,-7446.47998046875,-400000.0625
202.61568474769592,-400000.0625,-11333.7099609375,-5843.68994140625,-400000.0625,-6375.27001953125,-400000.0625,-7468.4599609375,-400000.0625
202.65549492835999,-400000.0625,-11325.5,-5832.14990234375,-400000.0625,-6365.8701171875,-400000.0625,-7455.5400390625,-400000.0625
202.66544651985168,-400000.0625,-11291.83984375,-5799.47998046875,-400000.0625,-6328.2001953125,-400000.0625,-7427.5498046875,-400000.0625
202.67389035224915,-400000.0625,-11280.6796875,-5787.75,-400000.0625,-6316.14013671875,-400000.0625,-7418.43994140625,-400000.0625
202.70876455307007,-400000.0625,-11312.25,-5819.080078125,-400000.0625,-6349.52001953125,-400000.0625,-7443.0,-400000.0625
202.84588360786438,-400000.0625,-11271.8603515625,-5769.8701171875,-400000.0625,-6303.97998046875,-400000.0625,-7401.08984375,-400000.0625
202.91352534294128,-400000.0625,-11300.990234375,-5800.10009765625,-400000.0625,-6330.68017578125,-400000.0625,-7433.60986328125,-400000.0625
202.9650137424469,-400000.0625,-11323.3095703125,-5820.080078125,-400000.0625,-6358.72021484375,-400000.0625,-7454.8701171875,-400000.0625
203.04356026649475,-400000.0625,-11274.580078125,-5752.52001953125,-400000.0625,-6306.60009765625,-400000.0625,-7402.9501953125,-400000.0625
203.15651416778564,-400000.0625,-11268.1904296875,-5748.64990234375,-400000.0625,-6307.27001953125,-400000.0625,-7397.02978515625,-400000.0625
203.224139213562,-400000.0625,-11306.48046875,-5779.7900390625,-400000.0625,-6333.64013671875,-400000.0625,-7428.06982421875,-400000.0625
203.285094499588,-400000.0625,-11282.400390625,-5750.60986328125,-400000.0625,-6304.7900390625,-400000.0625,-7402.18017578125,-400000.0625
203.37991666793823,-400000.0625,-11328.8896484375,-5800.81982421875,-400000.0625,-6356.33984375,-400000.0625,-7447.77001953125,-400000.0625
203.41354203224182,-400000.0625,-11268.0,-5734.68017578125,-400000.0625,-6306.31982421875,-400000.0625,-7396.89013671875,-400000.0625
203.64742922782898,-400000.0625,-11301.849609375,-5763.2900390625,-400000.0625,-6328.8701171875,-400000.0625,-7414.10009765625,-400000.0625
203.73988962173462,-400000.0625,-11274.6298828125,-5725.81005859375,-400000.0625,-6302.2099609375,-400000.0625,-7381.2998046875,-400000.0625
203.79776525497437,-400000.0625,-11273.8603515625,-5727.81982421875,-400000.0625,-6304.1201171875,-400000.0625,-7383.5400390625,-400000.0625
203.86442923545837,-400000.0625,-11313.76953125,-5761.0,-400000.0625,-6337.7900390625,-400000.0625,-7421.2998046875,-400000.0625
203.93863654136658,-400000.0625,-11337.9501953125,-5783.18017578125,-400000.0625,-6356.56982421875,-400000.0625,-7438.85009765625,-400000.0625
204.03705716133118,-400000.0625,-11295.83984375,-5735.490234375,-400000.0625,-6312.89990234375,-400000.0625,-7409.85986328125,-400000.0625
204.0589566230774,-400000.0625,-11304.9501953125,-5733.43994140625,-400000.0625,-6314.0400390625,-400000.0625,-7408.85986328125,-400000.0625
204.11761260032654,-400000.0625,-11289.1201171875,-5715.7998046875,-400000.0625,-6301.02001953125,-400000.0625,-7388.97021484375,-400000.0625
204.26265740394592,-400000.0625,-11344.9599609375,-5777.5498046875,-400000.0625,-6359.2001953125,-400000.0625,-7433.18017578125,-400000.0625
204.38273906707764,-400000.0625,-11300.900390625,-5720.47021484375,-400000.0625,-6301.39990234375,-400000.0625,-7385.490234375,-400000.0625
204.44251489639282,-400000.0625,-11323.3095703125,-5750.47021484375,-400000.0625,-6327.580078125,-400000.0625,-7409.10009765625,-400000.0625
204.50146079063416,-400000.0625,-11358.6904296875,-5781.080078125,-400000.0625,-6350.14013671875,-400000.0625,-7430.64990234375,-400000.0625
204.56758856773376,-400000.0625,-11359.8798828125,-5778.83984375,-400000.0625,-6354.56982421875,-400000.0625,-7435.60986328125,-400000.0625
204.66252613067627,-400000.0625,-11317.4501953125,-5730.009765625,-400000.0625,-6310.02978515625,-400000.0625,-7393.22021484375,-400000.0625
204.6966586112976,-400000.0625,-11320.349609375,-5734.97021484375,-400000.0625,-6308.990234375,-400000.0625,-7389.5,-400000.0625
204.7054283618927,-400000.0625,-11303.0400390625,-5719.60986328125,-400000.0625,-6291.81982421875,-400000.0625,-7377.47998046875,-400000.0625
204.71350622177124,-400000.0625,-11330.5595703125,-5746.93994140625,-400000.0625,-6320.759765625,-400000.0625,-7400.31982421875,-400000.0625
204.7254331111908,-400000.0625,-11356.98046875,-5777.31005859375,-400000.0625,-6350.08984375,-400000.0625,-7426.60009765625,-400000.0625
204.73615145683289,-400000.0625,-11348.1103515625,-5768.68017578125,-400000.0625,-6340.83984375,-400000.0625,-7420.58984375,-400000.0625
204.7435998916626,-400000.0625,-11317.400390625,-5735.2998046875,-400000.0625,-6313.56005859375,-400000.0625,-7389.5498046875,-400000.0625
204.75400972366333,-400000.0625,-11304.669921875,-5720.89990234375,-400000.0625,-6300.259765625,-400000.0625,-7376.0,-400000.0625
204.76311087608337,-400000.0625,-11331.650390625,-5750.56005859375,-400000.0625,-6326.009765625,-400000.0625,-7401.66015625,-400000.0625
204.78617763519287,-400000.0625,-11363.080078125,-5781.4599609375,-400000.0625,-6353.0498046875,-400000.0625,-7423.06982421875,-400000.0625
204.79571962356567,-400000.0625,-11358.9296875,-5772.39990234375,-400000.0625,-6343.89013671875,-400000.0625,-7417.06005859375,-400000.0625
204.80418634414673,-400000.0625,-11319.6904296875,-5732.72998046875,-400000.0625,-6304.02978515625,-400000.0625,-7387.35009765625,-400000.0625
204.8127191066742,-400000.0625,-11303.4296875,-5718.66015625,-400000.0625,-6284.43017578125,-400000.0625,-7375.10009765625,-400000.0625
204.82142758369446,-400000.0625,-11334.990234375,-5750.66015625,-400000.0625,-6320.85986328125,-400000.0625,-7400.56005859375,-400000.0625
204.8334517478943,-400000.0625,-11360.2197265625,-5776.02001953125,-400000.0625,-6350.66015625,-400000.0625,-7422.64013671875,-400000.0625
204.8426375389099,-400000.0625,-11347.7197265625,-5765.06005859375,-400000.0625,-6347.31982421875,-400000.0625,-7414.6298828125,-400000.0625
204.85376477241516,-400000.0625,-11319.58984375,-5730.68017578125,-400000.0625,-6312.080078125,-400000.0625,-7382.35009765625,-400000.0625
204.86209082603455,-400000.0625,-11303.759765625,-5715.7998046875,-400000.0625,-6293.2998046875,-400000.0625,-7368.52001953125,-400000.0625
204.8692512512207,-400000.0625,-11327.83984375,-5742.22021484375,-400000.0625,-6318.759765625,-400000.0625,-7395.080078125,-400000.0625
204.8964705467224,-400000.0625,-11360.3603515625,-5774.31005859375,-400000.0625,-6348.18017578125,-400000.0625,-7423.4501953125,-400000.0625
204.90393161773682,-400000.0625,-11351.8701171875,-5766.77001953125,-400000.0625,-6338.259765625,-400000.0625,-7418.16015625,-400000.0625
204.91340279579163,-400000.0625,-11320.9296875,-5730.43994140625,-400000.0625,-6305.4599609375,-400000.0625,-7386.259765625,-400000.0625
204.9247829914093,-400000.0625,-11305.669921875,-5716.3701171875,-400000.0625,-6285.9501953125,-400000.0625,-7372.759765625,-400000.0625
204.93396878242493,-400000.0625,-11331.26953125,-5744.41015625,-400000.0625,-6313.85009765625,-400000.0625,-7397.22021484375,-400000.0625
204.9431014060974,-400000.0625,-11361.4599609375,-5776.06982421875,-400000.0625,-6349.14013671875,-400000.0625,-7423.2099609375,-400000.0625
204.95413541793823,-400000.0625,-11356.2099609375,-5765.580078125,-400000.0625,-6340.41015625,-400000.0625,-7415.39013671875,-400000.0625
204.96269512176514,-400000.0625,-11322.169921875,-5729.009765625,-400000.0625,-6306.02978515625,-400000.0625,-7382.97021484375,-400000.0625
204.97032403945923,-400000.0625,-11306.0,-5715.27978515625,-400000.0625,-6291.10009765625,-400000.0625,-7369.22998046875,-400000.0625
204.99734210968018,-400000.0625,-11328.169921875,-5743.83984375,-400000.0625,-6322.47998046875,-400000.0625,-7394.35986328125,-400000.0625
205.00686192512512,-400000.0625,-11351.5400390625,-5771.10986328125,-400000.0625,-6346.75,-400000.0625,-7418.009765625,-400000.0625
205.01599597930908,-400000.0625,-11346.9599609375,-5766.25,-400000.0625,-6335.35009765625,-400000.0625,-7414.10009765625,-400000.0625
205.0266342163086,-400000.0625,-11321.400390625,-5731.2998046875,-400000.0625,-6299.39990234375,-400000.0625,-7385.5400390625,-400000.0625
205.03663730621338,-400000.0625,-11311.9599609375,-5719.60986328125,-400000.0625,-6289.6298828125,-400000.0625,-7373.2900390625,-400000.0625
205.04534125328064,-400000.0625,-11340.759765625,-5747.990234375,-400000.0625,-6318.3798828125,-400000.0625,-7396.56005859375,-400000.0625
205.05692148208618,-400000.0625,-11365.7998046875,-5778.740234375,-400000.0625,-6347.0400390625,-400000.0625,-7418.43994140625,-400000.0625
205.06574869155884,-400000.0625,-11359.599609375,-5774.2099609375,-400000.0625,-6343.169921875,-400000.0625,-7413.91015625,-400000.0625
205.07329440116882,-400000.0625,-11327.080078125,-5737.10986328125,-400000.0625,-6310.02978515625,-400000.0625,-7384.35009765625,-400000.0625
205.10258984565735,-400000.0625,-11313.6298828125,-5722.7099609375,-400000.0625,-6296.2099609375,-400000.0625,-7366.990234375,-400000.0625
205.11081862449646,-400000.0625,-11337.08984375,-5751.75,-400000.0625,-6320.43017578125,-400000.0625,-7394.4599609375,-400000.0625
205.1216094493866,-400000.0625,-11367.6103515625,-5781.75,-400000.0625,-6348.31982421875,-400000.0625,-7421.830078125,-400000.0625
205.13091731071472,-400000.0625,-11360.3603515625,-5772.10986328125,-400000.0625,-6341.740234375,-400000.0625,-7413.10009765625,-400000.0625
205.13911128044128,-400000.0625,-11331.1796875,-5737.35009765625,-400000.0625,-6307.7900390625,-400000.0625,-7381.009765625,-400000.0625
205.1465027332306,-400000.0625,-11318.7802734375,-5724.2900390625,-400000.0625,-6292.9599609375,-400000.0625,-7368.85009765625,-400000.0625
205.1589171886444,-400000.0625,-11344.2900390625,-5753.419921875,-400000.0625,-6322.43017578125,-400000.0625,-7394.080078125,-400000.0625
205.16897749900818,-400000.0625,-11372.2802734375,-5782.22021484375,-400000.0625,-6355.85986328125,-400000.0625,-7422.35009765625,-400000.0625
205.17898750305176,-400000.0625,-11362.5498046875,-5772.77978515625,-400000.0625,-6346.22998046875,-400000.0625,-7415.43994140625,-400000.0625
205.36256670951843,-400000.0625,-11330.2197265625,-5731.43994140625,-400000.0625,-6298.72998046875,-400000.0625,-7358.22021484375,-400000.0625
205.4037425518036,-400000.0625,-11324.259765625,-5725.91015625,-400000.0625,-6296.72998046875,-400000.0625,-7361.080078125,-400000.0625
205.47936534881592,-400000.0625,-11377.4296875,-5779.27001953125,-400000.0625,-6356.10009765625,-400000.0625,-7407.759765625,-400000.0625
205.53383994102478,-400000.0625,-11382.490234375,-5780.64990234375,-400000.0625,-6359.2001953125,-400000.0625,-7407.85986328125,-400000.0625
205.59562873840332,-400000.0625,-11384.919921875,-5780.31982421875,-400000.0625,-6350.419921875,-400000.0625,-7403.990234375,-400000.0625
205.65302228927612,-400000.0625,-11353.1103515625,-5739.169921875,-400000.0625,-6316.66015625,-400000.0625,-7375.81005859375,-400000.0625
205.7289605140686,-400000.0625,-11328.080078125,-5718.56982421875,-400000.0625,-6292.68017578125,-400000.0625,-7350.2998046875,-400000.0625
205.79564380645752,-400000.0625,-11388.6396484375,-5785.60986328125,-400000.0625,-6358.33984375,-400000.0625,-7394.93017578125,-400000.0625
205.98763847351074,-400000.0625,-11345.4404296875,-5731.33984375,-400000.0625,-6306.97998046875,-400000.0625,-7350.72998046875,-400000.0625
206.04029726982117,-400000.0625,-11354.01953125,-5733.81982421875,-400000.0625,-6297.72998046875,-400000.0625,-7351.06982421875,-400000.0625
206.10363507270813,-400000.0625,-11378.9599609375,-5755.52001953125,-400000.0625,-6323.0498046875,-400000.0625,-7368.08984375,-400000.0625
206.21390080451965,-400000.0625,-11404.0400390625,-5788.14013671875,-400000.0625,-6351.759765625,-400000.0625,-7398.31982421875,-400000.0625
206.6338107585907,-400000.0625,-11424.349609375,-5801.72998046875,-400000.0625,-6363.9599609375,-400000.0625,-7393.7900390625,-400000.0625
206.68299794197083,-400000.0625,-11371.7998046875,-5750.31982421875,-400000.0625,-6310.990234375,-400000.0625,-7359.02978515625,-400000.0625
206.7439830303192,-400000.0625,-11421.73046875,-5810.93017578125,-400000.0625,-6362.43994140625,-400000.0625,-7401.08984375,-400000.0625
206.803631067276,-400000.0625,-11428.5498046875,-5810.4501953125,-400000.0625,-6362.580078125,-400000.0625,-7409.91015625,-400000.0625
206.94771599769592,-400000.0625,-11383.150390625,-5766.25,-400000.0625,-6305.31005859375,-400000.0625,-7363.22021484375,-400000.0625
207.00230479240417,-400000.0625,-11390.2099609375,-5764.2900390625,-400000.0625,-6305.89013671875,-400000.0625,-7372.89990234375,-400000.0625
207.13499307632446,-400000.0625,-11444.0498046875,-5822.419921875,-400000.0625,-6360.25,-400000.0625,-7428.740234375,-400000.0625
207.2224109172821,-400000.0625,-11430.5,-5811.8798828125,-400000.0625,-6355.72021484375,-400000.0625,-7416.43994140625,-400000.0625
207.22950148582458,-400000.0625,-11401.509765625,-5776.5,-400000.0625,-6321.0498046875,-400000.0625,-7385.72998046875,-400000.0625
207.23739576339722,-400000.0625,-11385.2998046875,-5759.18994140625,-400000.0625,-6302.64013671875,-400000.0625,-7370.56982421875,-400000.0625
207.2595489025116,-400000.0625,-11406.1396484375,-5783.75,-400000.0625,-6327.14990234375,-400000.0625,-7393.41015625,-400000.0625
207.26689553260803,-400000.0625,-11434.599609375,-5815.22021484375,-400000.0625,-6356.0,-400000.0625,-7421.16015625,-400000.0625
207.27455115318298,-400000.0625,-11432.7001953125,-5814.83984375,-400000.0625,-6353.52001953125,-400000.0625,-7423.93017578125,-400000.0625
207.28394770622253,-400000.0625,-11401.419921875,-5779.7001953125,-400000.0625,-6318.669921875,-400000.0625,-7392.93017578125,-400000.0625
207.29188084602356,-400000.0625,-11379.7197265625,-5757.0,-400000.0625,-6298.02001953125,-400000.0625,-7376.0,-400000.0625
207.30032467842102,-400000.0625,-11403.1298828125,-5782.41015625,-400000.0625,-6324.240234375,-400000.0625,-7398.60986328125,-400000.0625
207.30854439735413,-400000.0625,-11434.26953125,-5818.64990234375,-400000.0625,-6357.580078125,-400000.0625,-7426.35986328125,-400000.0625
207.31701350212097,-400000.0625,-11429.83984375,-5815.31982421875,-400000.0625,-6353.669921875,-400000.0625,-7424.4501953125,-400000.0625
207.32567620277405,-400000.0625,-11396.98046875,-5781.7001953125,-400000.0625,-6319.330078125,-400000.0625,-7395.75,-400000.0625
207.33407425880432,-400000.0625,-11380.8603515625,-5764.68017578125,-400000.0625,-6301.97998046875,-400000.0625,-7377.10009765625,-400000.0625
207.3415286540985,-400000.0625,-11406.3798828125,-5786.1298828125,-400000.0625,-6323.52978515625,-400000.0625,-7396.7001953125,-400000.0625
207.36747980117798,-400000.0625,-11436.0302734375,-5819.419921875,-400000.0625,-6352.18994140625,-400000.0625,-7425.740234375,-400000.0625
207.3746633529663,-400000.0625,-11433.26953125,-5818.31982421875,-400000.0625,-6346.4599609375,-400000.0625,-7422.02001953125,-400000.0625
207.38269305229187,-400000.0625,-11400.509765625,-5784.7998046875,-400000.0625,-6321.9599609375,-400000.0625,-7394.22021484375,-400000.0625
207.3928542137146,-400000.0625,-11384.150390625,-5765.39013671875,-400000.0625,-6306.22021484375,-400000.0625,-7377.2001953125,-400000.0625
207.40068292617798,-400000.0625,-11406.759765625,-5790.56982421875,-400000.0625,-6327.25,-400000.0625,-7396.7900390625,-400000.0625
207.40805292129517,-400000.0625,-11436.509765625,-5824.52001953125,-400000.0625,-6356.56982421875,-400000.0625,-7430.75,-400000.0625
207.41813564300537,-400000.0625,-11436.650390625,-5825.9501953125,-400000.0625,-6356.6201171875,-400000.0625,-7427.259765625,-400000.0625
207.42667174339294,-400000.0625,-11404.51953125,-5788.85009765625,-400000.0625,-6322.10009765625,-400000.0625,-7394.89013671875,-400000.0625
207.43464303016663,-400000.0625,-11389.4501953125,-5768.2998046875,-400000.0625,-6304.02978515625,-400000.0625,-7377.10009765625,-400000.0625
207.44205594062805,-400000.0625,-11410.0498046875,-5790.6201171875,-400000.0625,-6324.72021484375,-400000.0625,-7395.41015625,-400000.0625
207.468252658844,-400000.0625,-11436.75,-5821.85009765625,-400000.0625,-6354.52001953125,-400000.0625,-7422.68994140625,-400000.0625
207.4767837524414,-400000.0625,-11436.1298828125,-5822.60986328125,-400000.0625,-6357.14990234375,-400000.0625,-7421.919921875,-400000.0625
207.4868049621582,-400000.0625,-11403.1796875,-5787.9501953125,-400000.0625,-6323.43017578125,-400000.0625,-7396.1298828125,-400000.0625
207.498113155365,-400000.0625,-11381.6796875,-5763.72021484375,-400000.0625,-6296.2998046875,-400000.0625,-7374.81005859375,-400000.0625
207.50692701339722,-400000.0625,-11404.419921875,-5789.66015625,-400000.0625,-6324.240234375,-400000.0625,-7394.41015625,-400000.0625
207.5172312259674,-400000.0625,-11441.419921875,-5827.0,-400000.0625,-6361.2001953125,-400000.0625,-7422.830078125,-400000.0625
207.5271224975586,-400000.0625,-11440.3701171875,-5825.27978515625,-400000.0625,-6361.9599609375,-400000.0625,-7423.16015625,-400000.0625
207.53504920005798,-400000.0625,-11410.91015625,-5793.9501953125,-400000.0625,-6329.8701171875,-400000.0625,-7394.60009765625,-400000.0625
207.54260540008545,-400000.0625,-11390.6904296875,-5771.58984375,-400000.0625,-6302.06982421875,-400000.0625,-7377.47998046875,-400000.0625
207.56959986686707,-400000.0625,-11406.1396484375,-5796.77001953125,-400000.0625,-6323.85986328125,-400000.0625,-7394.31005859375,-400000.0625
207.57941317558289,-400000.0625,-11435.7001953125,-5829.0498046875,-400000.0625,-6357.10009765625,-400000.0625,-7425.259765625,-400000.0625
207.59120392799377,-400000.0625,-11435.41015625,-5826.330078125,-400000.0625,-6354.14013671875,-400000.0625,-7427.31005859375,-400000.0625
207.60030889511108,-400000.0625,-11405.08984375,-5791.27978515625,-400000.0625,-6321.85986328125,-400000.0625,-7392.93017578125,-400000.0625
207.60865807533264,-400000.0625,-11387.5400390625,-5771.39990234375,-400000.0625,-6304.83984375,-400000.0625,-7376.0,-400000.0625
207.61983513832092,-400000.0625,-11409.9501953125,-5795.6201171875,-400000.0625,-6322.91015625,-400000.0625,-7398.56005859375,-400000.0625
207.6307394504547,-400000.0625,-11444.51953125,-5827.0498046875,-400000.0625,-6353.89990234375,-400000.0625,-7429.93017578125,-400000.0625
207.63927817344666,-400000.0625,-11443.7099609375,-5824.08984375,-400000.0625,-6353.0498046875,-400000.0625,-7427.64990234375,-400000.0625
207.64743185043335,-400000.0625,-11407.4697265625,-5791.18994140625,-400000.0625,-6321.91015625,-400000.0625,-7400.60986328125,-400000.0625
207.67446041107178,-400000.0625,-11389.1103515625,-5770.35009765625,-400000.0625,-6301.35986328125,-400000.0625,-7383.68017578125,-400000.0625
207.68553686141968,-400000.0625,-11410.1396484375,-5794.72021484375,-400000.0625,-6325.580078125,-400000.0625,-7403.330078125,-400000.0625
207.76941752433777,-400000.0625,-11481.91015625,-5867.0498046875,-400000.0625,-6346.7001953125,-400000.0625,-7448.72021484375,-400000.0625
207.86945128440857,-400000.0625,-11465.98046875,-5854.66015625,-400000.0625,-6349.14013671875,-400000.0625,-7443.240234375,-400000.0625
207.96387004852295,-400000.0625,-11400.3701171875,-5797.14990234375,-400000.0625,-6302.7900390625,-400000.0625,-7391.7900390625,-400000.0625
208.0538456439972,-400000.0625,-11414.8203125,-5810.93017578125,-400000.0625,-6324.0498046875,-400000.0625,-7399.18017578125,-400000.0625
208.08515000343323,-400000.0625,-11448.240234375,-5849.02978515625,-400000.0625,-6358.33984375,-400000.0625,-7439.9501953125,-400000.0625
208.21285820007324,-400000.0625,-11391.9296875,-5781.7900390625,-400000.0625,-6295.2001953125,-400000.0625,-7389.35986328125,-400000.0625
208.29119729995728,-400000.0625,-11397.3603515625,-5790.330078125,-400000.0625,-6309.83984375,-400000.0625,-7394.22021484375,-400000.0625
208.34547472000122,-400000.0625,-11442.2802734375,-5839.10986328125,-400000.0625,-6352.66015625,-400000.0625,-7443.759765625,-400000.0625
208.4275074005127,-400000.0625,-11447.0,-5843.1201171875,-400000.0625,-6360.47998046875,-400000.0625,-7441.56982421875,-400000.0625
208.51004791259766,-400000.0625,-11439.66015625,-5841.35009765625,-400000.0625,-6361.06005859375,-400000.0625,-7450.72021484375,-400000.0625
208.54111862182617,-400000.0625,-11412.8095703125,-5815.7001953125,-400000.0625,-6334.10986328125,-400000.0625,-7421.5400390625,-400000.0625
208.60245037078857,-400000.0625,-11410.0498046875,-5810.06982421875,-400000.0625,-6327.919921875,-400000.0625,-7412.2900390625,-400000.0625
208.78865265846252,-400000.0625,-11414.0,-5815.35986328125,-400000.0625,-6333.4501953125,-400000.0625,-7414.10009765625,-400000.0625
208.85464715957642,-400000.0625,-11398.599609375,-5797.47998046875,-400000.0625,-6309.3701171875,-400000.0625,-7396.3701171875,-400000.0625
208.93507432937622,-400000.0625,-11395.83984375,-5792.330078125,-400000.0625,-6307.7001953125,-400000.0625,-7393.60009765625,-400000.0625
208.99044609069824,-400000.0625,-11443.4296875,-5843.35009765625,-400000.0625,-6349.419921875,-400000.0625,-7442.0498046875,-400000.0625
209.04839253425598,-400000.0625,-11439.9404296875,-5845.39990234375,-400000.0625,-6357.52978515625,-400000.0625,-7447.580078125,-400000.0625
209.14531898498535,-400000.0625,-11439.51953125,-5845.830078125,-400000.0625,-6354.52001953125,-400000.0625,-7438.7099609375,-400000.0625
209.23871302604675,-400000.0625,-11400.650390625,-5794.43017578125,-400000.0625,-6304.41015625,-400000.0625,-7401.18017578125,-400000.0625
209.30137467384338,-400000.0625,-11439.990234375,-5841.8798828125,-400000.0625,-6350.14013671875,-400000.0625,-7446.39013671875,-400000.0625
209.36513376235962,-400000.0625,-11444.5703125,-5845.35986328125,-400000.0625,-6354.89990234375,-400000.0625,-7455.58984375,-400000.0625
209.4464190006256,-400000.0625,-11454.0595703125,-5859.22998046875,-400000.0625,-6361.68017578125,-400000.0625,-7465.83984375,-400000.0625
209.52151131629944,-400000.0625,-11425.259765625,-5822.56005859375,-400000.0625,-6326.91015625,-400000.0625,-7439.47021484375,-400000.0625
209.56762528419495,-400000.0625,-11403.849609375,-5794.81005859375,-400000.0625,-6295.2998046875,-400000.0625,-7410.72021484375,-400000.0625
209.71647357940674,-400000.0625,-11446.330078125,-5848.97998046875,-400000.0625,-6354.56982421875,-400000.0625,-7454.35009765625,-400000.0625
209.74199104309082,-400000.0625,-11456.0595703125,-5854.22998046875,-400000.0625,-6359.580078125,-400000.0625,-7456.64013671875,-400000.0625
209.75149011611938,-400000.0625,-11424.349609375,-5818.7001953125,-400000.0625,-6324.43994140625,-400000.0625,-7430.75,-400000.0625
209.7594211101532,-400000.0625,-11399.4599609375,-5791.0400390625,-400000.0625,-6302.7900390625,-400000.0625,-7409.669921875,-400000.0625
209.7688114643097,-400000.0625,-11416.48046875,-5813.41015625,-400000.0625,-6320.91015625,-400000.0625,-7425.169921875,-400000.0625
209.77563095092773,-400000.0625,-11449.3896484375,-5851.22021484375,-400000.0625,-6352.759765625,-400000.0625,-7454.10986328125,-400000.0625
209.78612875938416,-400000.0625,-11457.2998046875,-5854.4599609375,-400000.0625,-6353.9501953125,-400000.0625,-7462.35986328125,-400000.0625
209.79598307609558,-400000.0625,-11427.6904296875,-5823.419921875,-400000.0625,-6324.81982421875,-400000.0625,-7431.60009765625,-400000.0625
209.80446004867554,-400000.0625,-11403.509765625,-5799.33984375,-400000.0625,-6303.169921875,-400000.0625,-7411.33984375,-400000.0625
209.81140422821045,-400000.0625,-11420.4404296875,-5816.7900390625,-400000.0625,-6322.240234375,-400000.0625,-7427.97998046875,-400000.0625
209.8207666873932,-400000.0625,-11457.01953125,-5853.509765625,-400000.0625,-6356.3798828125,-400000.0625,-7457.68994140625,-400000.0625
209.84356212615967,-400000.0625,-11458.1103515625,-5858.9501953125,-400000.0625,-6359.91015625,-400000.0625,-7462.1201171875,-400000.0625
209.8572702407837,-400000.0625,-11426.7802734375,-5827.6201171875,-400000.0625,-6326.2001953125,-400000.0625,-7433.64990234375,-400000.0625
209.86655163764954,-400000.0625,-11403.0400390625,-5798.9599609375,-400000.0625,-6300.16015625,-400000.0625,-7415.9599609375,-400000.0625
209.87516570091248,-400000.0625,-11421.4404296875,-5815.27001953125,-400000.0625,-6314.85009765625,-400000.0625,-7428.35986328125,-400000.0625
209.88660097122192,-400000.0625,-11452.490234375,-5849.35986328125,-400000.0625,-6350.330078125,-400000.0625,-7458.8798828125,-400000.0625
209.89559721946716,-400000.0625,-11451.580078125,-5851.080078125,-400000.0625,-6352.56982421875,-400000.0625,-7462.8798828125,-400000.0625
209.9035792350769,-400000.0625,-11421.5400390625,-5820.1298828125,-400000.0625,-6323.91015625,-400000.0625,-7430.22021484375,-400000.0625
209.91064882278442,-400000.0625,-11398.4599609375,-5796.18994140625,-400000.0625,-6296.58984375,-400000.0625,-7411.580078125,-400000.0625
209.92332792282104,-400000.0625,-11413.8603515625,-5814.60009765625,-400000.0625,-6315.759765625,-400000.0625,-7427.169921875,-400000.0625
209.94792008399963,-400000.0625,-11442.0400390625,-5849.89013671875,-400000.0625,-6351.0400390625,-400000.0625,-7456.35009765625,-400000.0625
209.95879459381104,-400000.0625,-11451.91015625,-5853.4599609375,-400000.0625,-6358.33984375,-400000.0625,-7459.68994140625,-400000.0625
209.96692514419556,-400000.0625,-11424.5,-5822.7998046875,-400000.0625,-6326.8701171875,-400000.0625,-7433.3701171875,-400000.0625
209.97435331344604,-400000.0625,-11401.6103515625,-5798.0498046875,-400000.0625,-6301.259765625,-400000.0625,-7411.10009765625,-400000.0625
209.98453330993652,-400000.0625,-11413.4296875,-5810.8798828125,-400000.0625,-6317.89990234375,-400000.0625,-7425.93017578125,-400000.0625
209.99295282363892,-400000.0625,-11444.2802734375,-5848.1201171875,-400000.0625,-6349.56005859375,-400000.0625,-7456.2998046875,-400000.0625
210.00089240074158,-400000.0625,-11453.6796875,-5854.22998046875,-400000.0625,-6352.22998046875,-400000.0625,-7462.740234375,-400000.0625
210.00805592536926,-400000.0625,-11421.6298828125,-5820.93994140625,-400000.0625,-6324.77001953125,-400000.0625,-7432.3701171875,-400000.0625
210.01623845100403,-400000.0625,-11398.3603515625,-5797.2001953125,-400000.0625,-6304.93017578125,-400000.0625,-7411.2900390625,-400000.0625
210.02633714675903,-400000.0625,-11418.009765625,-5815.4599609375,-400000.0625,-6320.759765625,-400000.0625,-7427.5,-400000.0625
210.05174851417542,-400000.0625,-11446.1904296875,-5847.259765625,-400000.0625,-6353.81005859375,-400000.0625,-7460.31005859375,-400000.0625
210.06702589988708,-400000.0625,-11453.6796875,-5853.7001953125,-400000.0625,-6357.52978515625,-400000.0625,-7463.31005859375,-400000.0625
210.07537150382996,-400000.0625,-11424.1103515625,-5820.3701171875,-400000.0625,-6322.2900390625,-400000.0625,-7434.080078125,-400000.0625
210.08777236938477,-400000.0625,-11397.2197265625,-5792.0498046875,-400000.0625,-6299.68994140625,-400000.0625,-7411.0498046875,-400000.0625
210.09831738471985,-400000.0625,-11409.1904296875,-5806.64013671875,-400000.0625,-6317.759765625,-400000.0625,-7426.60009765625,-400000.0625
210.10704970359802,-400000.0625,-11444.5703125,-5844.5498046875,-400000.0625,-6351.52001953125,-400000.0625,-7457.16015625,-400000.0625
210.1161458492279,-400000.0625,-11447.669921875,-5848.60009765625,-400000.0625,-6360.10009765625,-400000.0625,-7459.2099609375,-400000.0625
210.12657117843628,-400000.0625,-11415.669921875,-5814.35986328125,-400000.0625,-6326.39013671875,-400000.0625,-7431.31982421875,-400000.0625
210.15647339820862,-400000.0625,-11396.3603515625,-5792.0,-400000.0625,-6298.02001953125,-400000.0625,-7411.18994140625,-400000.0625
210.16490650177002,-400000.0625,-11414.0,-5812.4501953125,-400000.0625,-6316.7099609375,-400000.0625,-7431.60009765625,-400000.0625
210.17268466949463,-400000.0625,-11451.9599609375,-5847.22021484375,-400000.0625,-6357.52978515625,-400000.0625,-7458.8798828125,-400000.0625
210.18915915489197,-400000.0625,-11457.25,-5853.080078125,-400000.0625,-6360.81982421875,-400000.0625,-7462.60009765625,-400000.0625
210.26929593086243,-400000.0625,-11437.26953125,-5848.7900390625,-400000.0625,-6350.330078125,-400000.0625,-7445.52978515625,-400000.0625
210.33396887779236,-400000.0625,-11430.7900390625,-5847.1201171875,-400000.0625,-6340.83984375,-400000.0625,-7443.759765625,-400000.0625
210.38888335227966,-400000.0625,-11431.7001953125,-5846.35986328125,-400000.0625,-6342.02978515625,-400000.0625,-7446.52978515625,-400000.0625
210.62967038154602,-400000.0625,-11427.98046875,-5842.39990234375,-400000.0625,-6339.740234375,-400000.0625,-7446.240234375,-400000.0625
210.78528904914856,-400000.0625,-11404.3701171875,-5791.08984375,-400000.0625,-6281.419921875,-400000.0625,-7401.18017578125,-400000.0625
210.9013638496399,-400000.0625,-11454.580078125,-5846.2099609375,-400000.0625,-6337.740234375,-400000.0625,-7451.490234375,-400000.0625
210.9976987838745,-400000.0625,-11468.4599609375,-5854.56005859375,-400000.0625,-6338.7900390625,-400000.0625,-7451.580078125,-400000.0625
211.02876830101013,-400000.0625,-11461.9296875,-5849.5498046875,-400000.0625,-6340.83984375,-400000.0625,-7446.240234375,-400000.0625
211.09629082679749,-400000.0625,-11428.41015625,-5828.240234375,-400000.0625,-6306.5498046875,-400000.0625,-7406.08984375,-400000.0625
211.15643501281738,-400000.0625,-11425.7802734375,-5819.60986328125,-400000.0625,-6294.919921875,-400000.0625,-7396.02978515625,-400000.0625
211.2350947856903,-400000.0625,-11427.1201171875,-5821.08984375,-400000.0625,-6293.43994140625,-400000.0625,-7397.75,-400000.0625
211.29245328903198,-400000.0625,-11461.8798828125,-5851.93994140625,-400000.0625,-6329.490234375,-400000.0625,-7425.06982421875,-400000.0625
211.4139049053192,-400000.0625,-11432.3603515625,-5801.5400390625,-400000.0625,-6287.43017578125,-400000.0625,-7414.39013671875,-400000.0625
211.48891520500183,-400000.0625,-11416.8701171875,-5783.509765625,-400000.0625,-6268.1201171875,-400000.0625,-7398.7998046875,-400000.0625
211.5452117919922,-400000.0625,-11437.23046875,-5801.14990234375,-400000.0625,-6289.009765625,-400000.0625,-7416.580078125,-400000.0625
211.7101378440857,-400000.0625,-11475.1796875,-5848.5498046875,-400000.0625,-6332.2099609375,-400000.0625,-7438.9501953125,-400000.0625
211.75756192207336,-400000.0625,-11436.3203125,-5810.169921875,-400000.0625,-6298.830078125,-400000.0625,-7399.1298828125,-400000.0625
211.8602077960968,-400000.0625,-11432.5498046875,-5806.58984375,-400000.0625,-6296.06005859375,-400000.0625,-7402.47021484375,-400000.0625
211.93743586540222,-400000.0625,-11481.1396484375,-5838.5400390625,-400000.0625,-6325.14990234375,-400000.0625,-7440.27978515625,-400000.0625
211.9937241077423,-400000.0625,-11483.7197265625,-5845.830078125,-400000.0625,-6326.43994140625,-400000.0625,-7447.2001953125,-400000.0625
212.0938618183136,-400000.0625,-11432.98046875,-5781.93994140625,-400000.0625,-6268.06982421875,-400000.0625,-7393.93017578125,-400000.0625
212.11760306358337,-400000.0625,-11457.25,-5815.1298828125,-400000.0625,-6293.6298828125,-400000.0625,-7416.43994140625,-400000.0625
212.18649649620056,-400000.0625,-11463.01953125,-5819.89013671875,-400000.0625,-6290.2900390625,-400000.0625,-7419.830078125,-400000.0625
212.24349570274353,-400000.0625,-11497.3095703125,-5857.7998046875,-400000.0625,-6323.72021484375,-400000.0625,-7454.919921875,-400000.0625
212.26912331581116,-400000.0625,-11499.9296875,-5860.89990234375,-400000.0625,-6326.490234375,-400000.0625,-7459.259765625,-400000.0625
212.27960729599,-400000.0625,-11471.7001953125,-5828.18994140625,-400000.0625,-6299.259765625,-400000.0625,-7429.89013671875,-400000.0625
212.28952956199646,-400000.0625,-11450.33984375,-5805.830078125,-400000.0625,-6275.509765625,-400000.0625,-7407.6201171875,-400000.0625
212.29670810699463,-400000.0625,-11469.650390625,-5825.08984375,-400000.0625,-6290.10009765625,-400000.0625,-7426.22021484375,-400000.0625
212.30431485176086,-400000.0625,-11501.26953125,-5859.08984375,-400000.0625,-6319.7099609375,-400000.0625,-7453.97021484375,-400000.0625
212.3108389377594,-400000.0625,-11503.1298828125,-5863.81005859375,-400000.0625,-6328.43994140625,-400000.0625,-7454.919921875,-400000.0625
212.3232021331787,-400000.0625,-11469.7900390625,-5831.81005859375,-400000.0625,-6296.490234375,-400000.0625,-7428.02978515625,-400000.0625
212.33131766319275,-400000.0625,-11453.490234375,-5811.60009765625,-400000.0625,-6275.02978515625,-400000.0625,-7410.77001953125,-400000.0625
212.33942675590515,-400000.0625,-11477.330078125,-5832.91015625,-400000.0625,-6294.06005859375,-400000.0625,-7427.169921875,-400000.0625
212.34757113456726,-400000.0625,-11504.509765625,-5863.2900390625,-400000.0625,-6321.72021484375,-400000.0625,-7453.39013671875,-400000.0625
212.3746542930603,-400000.0625,-11511.419921875,-5868.39013671875,-400000.0625,-6327.2998046875,-400000.0625,-7456.490234375,-400000.0625
212.3839020729065,-400000.0625,-11480.6201171875,-5835.6298828125,-400000.0625,-6297.919921875,-400000.0625,-7426.35986328125,-400000.0625
212.39348149299622,-400000.0625,-11457.25,-5811.5,-400000.0625,-6273.080078125,-400000.0625,-7405.6201171875,-400000.0625
212.40259051322937,-400000.0625,-11480.0498046875,-5832.91015625,-400000.0625,-6293.919921875,-400000.0625,-7427.02978515625,-400000.0625
212.409175157547,-400000.0625,-11512.759765625,-5866.9599609375,-400000.0625,-6331.39990234375,-400000.0625,-7456.16015625,-400000.0625
212.4197371006012,-400000.0625,-11514.7099609375,-5867.580078125,-400000.0625,-6327.33984375,-400000.0625,-7460.8798828125,-400000.0625
212.42949604988098,-400000.0625,-11485.33984375,-5837.25,-400000.0625,-6295.2998046875,-400000.0625,-7432.509765625,-400000.0625
212.43821930885315,-400000.0625,-11463.01953125,-5813.740234375,-400000.0625,-6275.85009765625,-400000.0625,-7409.3798828125,-400000.0625
212.44513034820557,-400000.0625,-11480.7099609375,-5831.18994140625,-400000.0625,-6296.830078125,-400000.0625,-7428.5,-400000.0625
212.45752930641174,-400000.0625,-11514.0498046875,-5868.009765625,-400000.0625,-6327.68017578125,-400000.0625,-7460.31005859375,-400000.0625
212.48252129554749,-400000.0625,-11516.4296875,-5871.39013671875,-400000.0625,-6325.2900390625,-400000.0625,-7465.5498046875,-400000.0625
212.49404907226562,-400000.0625,-11487.580078125,-5839.6298828125,-400000.0625,-6291.33984375,-400000.0625,-7434.7001953125,-400000.0625
212.50291657447815,-400000.0625,-11466.26953125,-5816.64990234375,-400000.0625,-6265.5,-400000.0625,-7414.06005859375,-400000.0625
212.509863615036,-400000.0625,-11481.8603515625,-5834.6298828125,-400000.0625,-6287.52978515625,-400000.0625,-7434.22998046875,-400000.0625
212.52228426933289,-400000.0625,-11514.0498046875,-5868.240234375,-400000.0625,-6325.39013671875,-400000.0625,-7466.7001953125,-400000.0625
212.53112173080444,-400000.0625,-11517.9599609375,-5872.39013671875,-400000.0625,-6331.72998046875,-400000.0625,-7464.02978515625,-400000.0625
212.53931593894958,-400000.0625,-11484.150390625,-5841.2099609375,-400000.0625,-6301.259765625,-400000.0625,-7430.89013671875,-400000.0625
212.5503957271576,-400000.0625,-11459.830078125,-5819.85009765625,-400000.0625,-6278.08984375,-400000.0625,-7404.27978515625,-400000.0625
212.56093573570251,-400000.0625,-11476.419921875,-5838.919921875,-400000.0625,-6295.009765625,-400000.0625,-7421.64013671875,-400000.0625
212.58811116218567,-400000.0625,-11504.509765625,-5867.91015625,-400000.0625,-6325.77001953125,-400000.0625,-7451.33984375,-400000.0625
212.5980167388916,-400000.0625,-11504.509765625,-5870.2998046875,-400000.0625,-6325.10009765625,-400000.0625,-7450.10009765625,-400000.0625
212.60699367523193,-400000.0625,-11471.990234375,-5836.06005859375,-400000.0625,-6290.06005859375,-400000.0625,-7421.64013671875,-400000.0625
212.62153315544128,-400000.0625,-11447.2900390625,-5814.31005859375,-400000.0625,-6269.97998046875,-400000.0625,-7405.52001953125,-400000.0625
212.63063955307007,-400000.0625,-11465.6904296875,-5834.14990234375,-400000.0625,-6289.81982421875,-400000.0625,-7422.16015625,-400000.0625
212.64079451560974,-400000.0625,-11492.919921875,-5864.56982421875,-400000.0625,-6318.14013671875,-400000.0625,-7450.33984375,-400000.0625
212.65110802650452,-400000.0625,-11494.2998046875,-5865.56982421875,-400000.0625,-6327.43994140625,-400000.0625,-7452.490234375,-400000.0625
212.65984869003296,-400000.0625,-11466.650390625,-5835.81982421875,-400000.0625,-6298.02001953125,-400000.0625,-7419.25,-400000.0625
212.669362783432,-400000.0625,-11444.669921875,-5811.31005859375,-400000.0625,-6272.1298828125,-400000.0625,-7397.75,-400000.0625
212.69385242462158,-400000.0625,-11464.3603515625,-5832.2900390625,-400000.0625,-6292.919921875,-400000.0625,-7414.39013671875,-400000.0625
212.75888895988464,-400000.0625,-11465.5498046875,-5840.68017578125,-400000.0625,-6255.8701171875,-400000.0625,-7415.10009765625,-400000.0625
212.79479312896729,-400000.0625,-11480.5703125,-5861.52001953125,-400000.0625,-6286.52978515625,-400000.0625,-7430.509765625,-400000.0625
212.87960362434387,-400000.0625,-11509.7099609375,-5892.85009765625,-400000.0625,-6324.2900390625,-400000.0625,-7455.2998046875,-400000.0625
212.92679858207703,-400000.0625,-11505.5595703125,-5894.7099609375,-400000.0625,-6324.240234375,-400000.0625,-7453.5400390625,-400000.0625
213.01633763313293,-400000.0625,-11472.26953125,-5858.0400390625,-400000.0625,-6283.9501953125,-400000.0625,-7422.5,-400000.0625
213.06943035125732,-400000.0625,-11453.009765625,-5835.490234375,-400000.0625,-6260.009765625,-400000.0625,-7401.08984375,-400000.0625
213.16473770141602,-400000.0625,-11469.1298828125,-5854.419921875,-400000.0625,-6284.43017578125,-400000.0625,-7416.2001953125,-400000.0625
213.21052432060242,-400000.0625,-11488.8203125,-5881.5,-400000.0625,-6317.7099609375,-400000.0625,-7443.240234375,-400000.0625
213.30591344833374,-400000.0625,-11487.6796875,-5880.68994140625,-400000.0625,-6319.2900390625,-400000.0625,-7443.3798828125,-400000.0625
213.35677671432495,-400000.0625,-11455.490234375,-5845.5,-400000.0625,-6288.14990234375,-400000.0625,-7412.580078125,-400000.0625
213.43797183036804,-400000.0625,-11432.41015625,-5820.85009765625,-400000.0625,-6268.97998046875,-400000.0625,-7393.02978515625,-400000.0625
213.47441482543945,-400000.0625,-11453.33984375,-5845.39990234375,-400000.0625,-6296.919921875,-400000.0625,-7411.669921875,-400000.0625
213.57258415222168,-400000.0625,-11484.0,-5876.58984375,-400000.0625,-6325.669921875,-400000.0625,-7438.66015625,-400000.0625
213.6295964717865,-400000.0625,-11479.7099609375,-5873.58984375,-400000.0625,-6325.2001953125,-400000.0625,-7440.330078125,-400000.0625
213.7203061580658,-400000.0625,-11448.1904296875,-5839.919921875,-400000.0625,-6295.16015625,-400000.0625,-7410.10009765625,-400000.0625
213.77619910240173,-400000.0625,-11428.599609375,-5817.7001953125,-400000.0625,-6271.35986328125,-400000.0625,-7391.97998046875,-400000.0625
213.86634922027588,-400000.0625,-11443.2802734375,-5836.72998046875,-400000.0625,-6292.52978515625,-400000.0625,-7408.330078125,-400000.0625
213.90071487426758,-400000.0625,-11468.169921875,-5870.06005859375,-400000.0625,-6325.2001953125,-400000.0625,-7436.60986328125,-400000.0625
213.9886782169342,-400000.0625,-11470.509765625,-5871.39013671875,-400000.0625,-6320.14013671875,-400000.0625,-7439.18994140625,-400000.0625
214.02934956550598,-400000.0625,-11440.08984375,-5833.47998046875,-400000.0625,-6285.2900390625,-400000.0625,-7403.7998046875,-400000.0625
214.1163363456726,-400000.0625,-11421.2998046875,-5809.2099609375,-400000.0625,-6266.7900390625,-400000.0625,-7382.06005859375,-400000.0625
214.15977549552917,-400000.0625,-11439.51953125,-5835.43994140625,-400000.0625,-6296.35009765625,-400000.0625,-7402.47021484375,-400000.0625
214.25330066680908,-400000.0625,-11462.01953125,-5864.3798828125,-400000.0625,-6326.8701171875,-400000.0625,-7432.18017578125,-400000.0625
214.29623699188232,-400000.0625,-11461.9296875,-5864.52978515625,-400000.0625,-6328.68017578125,-400000.0625,-7432.75,-400000.0625
214.3938479423523,-400000.0625,-11435.5595703125,-5833.52978515625,-400000.0625,-6296.06005859375,-400000.0625,-7405.56982421875,-400000.0625
214.48345637321472,-400000.0625,-11413.4296875,-5809.4501953125,-400000.0625,-6274.02978515625,-400000.0625,-7387.77978515625,-400000.0625
214.599538564682,-400000.0625,-11433.7001953125,-5833.2900390625,-400000.0625,-6295.97021484375,-400000.0625,-7408.47998046875,-400000.0625
214.69561100006104,-400000.0625,-11462.3603515625,-5863.81005859375,-400000.0625,-6323.85986328125,-400000.0625,-7437.22998046875,-400000.0625
214.73720622062683,-400000.0625,-11466.26953125,-5862.08984375,-400000.0625,-6319.43017578125,-400000.0625,-7434.22998046875,-400000.0625
214.8372926712036,-400000.0625,-11432.169921875,-5825.330078125,-400000.0625,-6287.669921875,-400000.0625,-7402.7099609375,-400000.0625
214.94170951843262,-400000.0625,-11408.9501953125,-5806.2998046875,-400000.0625,-6276.419921875,-400000.0625,-7386.8798828125,-400000.0625
215.04454231262207,-400000.0625,-11426.740234375,-5827.759765625,-400000.0625,-6300.16015625,-400000.0625,-7403.419921875,-400000.0625
215.13954329490662,-400000.0625,-11458.919921875,-5859.47021484375,-400000.0625,-6328.919921875,-400000.0625,-7429.02978515625,-400000.0625
